214067 80
502039 600
502097 600
502141 600
502645 600
503034 600
503351 600
503843 600
503925 600
504158 600
505054 600
505065 600
505272 600
506460 600
506582 600
508218 600
508768 600
509230 600
509410 600
509511 600
509905 600
510231 600
510949 600
511037 600
511248 600
511290 600
511293 600
511349 600
511453 600
512035 600
512453 600
512758 600
512791 600
512867 600
512970 600
513170 600
513452 600
513622 600
513666 600
513882 600
514018 600
515089 600
515429 600
515708 600
517240 600
517257 600
517360 600
517437 600
517777 600
518371 600
518566 600
518663 600
518864 600
519154 600
519172 600
519660 600
519888 600
520473 600
520932 600
522378 600
522386 600
522401 600
522498 600
523284 600
523512 600
523979 600
524109 600
524292 600
524550 600
524734 600
525017 600
525021 600
525545 600
526097 600
526526 600
528197 600
529048 600
529413 600
529444 600
529867 600
530273 600
530529 600
530608 600
531781 600
531835 600
531942 600
531947 600
532027 600
532311 600
532333 600
532567 600
532789 600
532831 600
533169 600
533188 600
533270 600
534036 600
534397 600
534889 600
535243 600
535469 600
535897 600
536184 600
536359 600
536614 600
536724 600
537888 600
538436 600
538470 600
538546 600
538687 600
538819 600
538847 600
539752 600
539989 600
540400 600
540647 600
541147 600
541628 600
541675 600
541755 600
542184 600
542230 600
542239 600
542371 600
542499 600
542669 600
542804 600
542999 600
543693 600
543716 600
543846 600
543859 600
544019 600
544163 600
544232 600
545122 600
545601 600
545616 600
545798 600
545937 600
545939 600
545973 600
546005 600
546290 600
546921 600
546983 600
546998 600
547102 600
547173 600
547221 600
551768 600
552014 600
552439 600
554005 600
555139 600
557485 600
558436 600
559027 600
559516 600
560176 600
560614 600
565989 600
566496 600
567144 600
570458 600
571312 600
571702 600
572049 600
572068 600
575041 600
575220 600
575227 600
576551 600
576994 600
577573 600
580343 600
580735 600
585477 600
587063 600
591363 600
591648 600
592760 600
596742 600
597707 600
606239 600
606422 600
607317 600
609176 600
610135 600
612409 600
613052 600
613546 600
614065 600
614069 600
614957 600
615509 600
615549 600
618152 600
626690 600
629147 600
631808 600
637185 600
650024 600
650047 600
651002 600
656172 600
658102 600
658364 600
674923 600
675902 600
677085 600
688725 600
697522 600
712012 600
712053 600
712195 600
712413 600
712626 600
712940 600
713076 600
713317 600
713587 600
713790 600
717952 600
718947 600
720751 600
721591 600
721786 600
721975 600
722491 600
722534 600
724791 600
725040 600
726077 600
726817 600
726986 600
727244 600
727418 600
728116 600
503604 580
523020 580
526338 580
531349 580
533106 580
534683 580
535504 580
541060 580
543350 580
545956 580
551546 580
554860 580
579540 580
596478 580
615156 580
716153 580
508221 560
514119 560
522357 560
529115 560
540660 560
542520 560
547320 560
575087 560
575332 560
689062 560
720247 560
725083 560
516104 540
516604 540
534275 540
535658 540
538400 540
545955 540
587632 540
634406 540
715187 540
503813 520
512783 520
518552 520
529166 520
532610 520
534313 520
542153 520
544854 520
545241 520
545454 520
571856 520
576457 520
605630 520
613547 520
628128 520
712131 520
716673 520
717910 520
518182 500
522090 500
525399 500
534368 500
534392 500
534496 500
536406 500
540250 500
543202 500
546589 500
562588 500
563632 500
564369 500
567779 500
595916 500
599021 500
502242 480
507521 480
508379 480
514214 480
518150 480
520091 480
528192 480
532543 480
533078 480
536604 480
537001 480
543404 480
544706 480
545142 480
545726 480
545957 480
608742 480
634277 480
676907 480
505509 460
509598 460
513001 460
515572 460
517135 460
525067 460
525727 460
530256 460
532209 460
535518 460
536260 460
536589 460
538407 460
539584 460
558873 460
575170 460
579621 460
611249 460
613582 460
504117 440
506007 440
507400 440
514191 440
519256 440
525025 440
530113 440
530881 440
535212 440
535749 440
539865 440
541457 440
544011 440
544895 440
545345 440
545823 440
545997 440
546169 440
550694 440
557214 440
571083 440
572543 440
588057 440
710182 440
721818 440
503622 420
518815 420
524185 420
533427 420
536876 420
540638 420
542532 420
546326 420
547263 420
550770 420
680246 420
503822 400
508489 400
510673 400
511617 400
516134 400
518717 400
524468 400
529392 400
530084 400
530394 400
530831 400
536934 400
538191 400
538336 400
539041 400
541624 400
542294 400
542796 400
543225 400
543416 400
544791 400
544967 400
545785 400
557604 400
563994 400
583321 400
587617 400
592818 400
621191 400
625724 400
629143 400
676904 400
712379 400
726846 400
502658 380
505446 380
505665 380
507231 380
507337 380
507728 380
509335 380
509426 380
512884 380
514127 380
514384 380
514736 380
517051 380
518135 380
521118 380
528793 380
529259 380
532807 380
535512 380
535552 380
539716 380
540756 380
541304 380
542155 380
542283 380
545636 380
546919 380
546966 380
547182 380
553554 380
561269 380
571883 380
572057 380
585125 380
596263 380
707482 380
716786 380
725496 380
502161 360
502607 360
510486 360
511018 360
512815 360
516090 360
518104 360
520708 360
522542 360
522840 360
523607 360
523870 360
529250 360
530610 360
531969 360
533109 360
535493 360
536209 360
536585 360
540422 360
540507 360
542176 360
542383 360
544296 360
544399 360
545999 360
553780 360
555726 360
560493 360
563507 360
569335 360
579507 360
585302 360
586195 360
611107 360
615550 360
678303 360
680282 360
712428 360
718562 360
504942 340
514482 340
514685 340
519744 340
520862 340
522945 340
523318 340
526536 340
528902 340
530213 340
539380 340
539681 340
540114 340
540472 340
540516 340
541266 340
541474 340
541727 340
541736 340
542434 340
542503 340
542606 340
542975 340
544246 340
545678 340
546979 340
554716 340
555483 340
562691 340
576376 340
586005 340
594255 340
594508 340
617237 340
634590 340
680622 340
716988 340
501997 320
503752 320
504288 320
510618 320
511232 320
512766 320
517050 320
518287 320
518437 320
518872 320
518893 320
519848 320
521068 320
522276 320
524887 320
525736 320
531977 320
532008 320
532383 320
532562 320
532653 320
533089 320
533621 320
535541 320
536517 320
536602 320
538519 320
540595 320
541769 320
542162 320
542345 320
542497 320
543192 320
544196 320
546618 320
546859 320
546881 320
546908 320
547262 320
553166 320
555788 320
558695 320
559106 320
571125 320
571842 320
580625 320
587993 320
592720 320
609167 320
610666 320
613788 320
618433 320
626645 320
713532 320
505882 300
508484 300
512838 300
514098 300
517387 300
518213 300
518689 300
519496 300
520258 300
520866 300
520910 300
521046 300
522140 300
523346 300
524648 300
526238 300
526371 300
529260 300
531080 300
532241 300
532281 300
532531 300
533531 300
533796 300
534325 300
534998 300
535010 300
535497 300
535579 300
535969 300
536490 300
537467 300
540201 300
540539 300
541427 300
541671 300
541712 300
542672 300
542675 300
542989 300
543269 300
543703 300
544468 300
545069 300
545126 300
545170 300
545322 300
545688 300
546106 300
546178 300
551596 300
552792 300
554863 300
562241 300
564582 300
564652 300
567706 300
572518 300
576179 300
579721 300
593841 300
594634 300
608997 300
612982 300
656723 300
678502 300
502261 280
502622 280
504947 280
505091 280
505152 280
506104 280
506915 280
510776 280
513092 280
517623 280
518449 280
518585 280
518808 280
520225 280
520489 280
521115 280
522895 280
523329 280
531705 280
532004 280
532304 280
532330 280
532941 280
533703 280
534816 280
534880 280
535328 280
535443 280
535559 280
536595 280
536612 280
536800 280
537498 280
538877 280
540123 280
540237 280
540830 280
541256 280
542168 280
542579 280
543491 280
544012 280
544774 280
545518 280
546327 280
546678 280
546799 280
547294 280
547379 280
550781 280
554713 280
557938 280
558283 280
561732 280
562922 280
571618 280
582224 280
584161 280
585286 280
592723 280
594125 280
594595 280
595141 280
609589 280
610659 280
615350 280
699362 280
503342 260
506140 260
508236 260
512877 260
513968 260
514040 260
514066 260
515788 260
517399 260
518583 260
519997 260
521837 260
522081 260
523734 260
524706 260
525531 260
525536 260
527078 260
527738 260
528034 260
529034 260
529041 260
530041 260
530574 260
532709 260
533102 260
533219 260
535093 260
535479 260
535532 260
535720 260
535986 260
536730 260
536928 260
538670 260
538862 260
538888 260
539086 260
540005 260
540168 260
540361 260
540635 260
540664 260
541109 260
541189 260
541285 260
541564 260
541663 260
542392 260
542705 260
543407 260
543466 260
544071 260
544576 260
544661 260
544769 260
545124 260
545127 260
545216 260
545597 260
545948 260
546740 260
547006 260
547264 260
551406 260
551466 260
571682 260
590249 260
594239 260
597709 260
606889 260
607962 260
611642 260
614486 260
618012 260
624415 260
625186 260
630166 260
651506 260
703264 260
502619 240
502960 240
505514 240
508480 240
511465 240
511497 240
511523 240
512756 240
512866 240
516071 240
516133 240
518465 240
518846 240
519240 240
519946 240
520793 240
520873 240
521503 240
522348 240
522562 240
523547 240
523909 240
525779 240
527171 240
527804 240
528071 240
529990 240
531254 240
531885 240
531999 240
532666 240
532672 240
533129 240
534830 240
535178 240
535446 240
536061 240
536207 240
536785 240
536911 240
536925 240
537841 240
539031 240
539155 240
540211 240
540318 240
540369 240
540524 240
541205 240
541532 240
541631 240
541845 240
542150 240
542159 240
542357 240
542473 240
542528 240
542561 240
542628 240
542634 240
542645 240
542765 240
542960 240
542981 240
542987 240
543785 240
544285 240
544450 240
544452 240
544562 240
544605 240
544738 240
544780 240
544796 240
545066 240
545591 240
545689 240
547212 240
551394 240
553562 240
555494 240
559060 240
559445 240
563275 240
564713 240
566644 240
570942 240
575281 240
579085 240
587170 240
587226 240
587534 240
589766 240
592712 240
594455 240
599010 240
602005 240
611062 240
613523 240
614623 240
615547 240
617736 240
621205 240
648548 240
709722 240
712015 240
712136 240
714137 240
727646 240
502017 220
502151 220
503617 220
503706 220
504071 220
504121 220
504861 220
505751 220
505930 220
506002 220
506386 220
508258 220
509711 220
510645 220
512806 220
512890 220
513545 220
514074 220
514321 220
516070 220
517612 220
517715 220
518702 220
518726 220
518863 220
518880 220
519446 220
520813 220
521051 220
522022 220
522975 220
525537 220
525602 220
526551 220
527665 220
527911 220
528800 220
529010 220
529019 220
529159 220
529507 220
530218 220
531167 220
532496 220
532498 220
532536 220
533083 220
533182 220
534426 220
534519 220
534890 220
534965 220
535069 220
535300 220
535340 220
535372 220
535490 220
536351 220
536503 220
536613 220
537440 220
538209 220
538913 220
539400 220
539884 220
540070 220
540089 220
540205 220
540377 220
540677 220
541386 220
541391 220
541419 220
542163 220
542206 220
542375 220
542462 220
542587 220
543280 220
543374 220
543643 220
544282 220
544685 220
544868 220
545119 220
545253 220
545474 220
545586 220
545751 220
546609 220
547101 220
547217 220
556291 220
557813 220
560330 220
560598 220
565780 220
567636 220
572919 220
576715 220
581246 220
584525 220
585367 220
585542 220
586017 220
587945 220
588747 220
590701 220
592838 220
593873 220
594181 220
596179 220
596768 220
604776 220
606247 220
610423 220
615224 220
623205 220
625192 220
625666 220
627570 220
628840 220
629963 220
665482 220
668282 220
706582 220
712076 220
712259 220
715018 220
719612 220
502764 200
502769 200
505526 200
505599 200
505679 200
506121 200
506128 200
507671 200
508451 200
508453 200
508941 200
509108 200
509401 200
509459 200
509668 200
509799 200
509991 200
510003 200
511614 200
511889 200
512863 200
512990 200
513488 200
513859 200
513910 200
514084 200
514706 200
514768 200
516009 200
517719 200
518098 200
518159 200
518179 200
518184 200
518212 200
518424 200
518562 200
519026 200
519163 200
519382 200
521455 200
521515 200
521820 200
522153 200
522592 200
523519 200
525294 200
525508 200
525773 200
526446 200
526616 200
527606 200
529003 200
529786 200
530347 200
530553 200
531790 200
532576 200
532656 200
532724 200
533162 200
533607 200
534447 200
534580 200
534714 200
535488 200
536438 200
537637 200
537863 200
538071 200
538777 200
539008 200
540039 200
540093 200
540138 200
540157 200
540620 200
540712 200
540728 200
540864 200
541625 200
541680 200
541833 200
541872 200
542156 200
542252 200
542258 200
542883 200
543446 200
543485 200
543489 200
545277 200
545352 200
545535 200
545632 200
545682 200
545837 200
546112 200
546332 200
546914 200
547171 200
547232 200
550640 200
551554 200
554762 200
554870 200
556726 200
556788 200
567882 200
569633 200
570337 200
570474 200
571687 200
571816 200
577616 200
578774 200
578963 200
581108 200
583242 200
584543 200
586803 200
587443 200
587628 200
588108 200
588447 200
591492 200
592484 200
594069 200
595150 200
596611 200
611202 200
611881 200
615220 200
625004 200
630416 200
632023 200
632827 200
634385 200
668422 200
703202 200
711674 200
722139 200
501911 180
501991 180
502496 180
502635 180
502793 180
503713 180
503720 180
504662 180
505150 180
505171 180
505589 180
505806 180
505825 180
507374 180
507872 180
508434 180
508446 180
509608 180
509963 180
510107 180
510362 180
512684 180
512703 180
512966 180
513286 180
514121 180
514200 180
514690 180
515358 180
515813 180
515872 180
516113 180
516431 180
517424 180
517442 180
517491 180
517772 180
518113 180
520045 180
520145 180
520608 180
520674 180
520741 180
521039 180
521295 180
521323 180
521457 180
521495 180
521522 180
521539 180
522223 180
522481 180
522618 180
522905 180
523986 180
525270 180
525611 180
525664 180
525818 180
526155 180
526618 180
526743 180
526827 180
527722 180
527771 180
527803 180
528742 180
528749 180
528790 180
529369 180
529452 180
529519 180
529983 180
530176 180
530201 180
530226 180
530242 180
530350 180
530518 180
530828 180
532089 180
532596 180
532746 180
532832 180
533166 180
533176 180
533413 180
533478 180
533637 180
533688 180
534001 180
534399 180
534404 180
534739 180
535134 180
535220 180
535440 180
535563 180
535706 180
535988 180
536019 180
536239 180
536243 180
536371 180
536618 180
536930 180
537092 180
538486 180
538571 180
538723 180
538907 180
538959 180
539755 180
539965 180
539977 180
540049 180
540220 180
540337 180
540813 180
540876 180
541636 180
541710 180
541784 180
541803 180
541847 180
542172 180
542254 180
542328 180
542364 180
542370 180
542568 180
542582 180
542613 180
542637 180
542771 180
542823 180
542895 180
543251 180
543266 180
543373 180
543383 180
543396 180
544144 180
544436 180
544607 180
544786 180
545082 180
545206 180
545224 180
545317 180
545489 180
545610 180
545641 180
545708 180
545815 180
545897 180
545963 180
546004 180
546139 180
546173 180
546299 180
546725 180
547147 180
547192 180
547240 180
551674 180
552018 180
552422 180
553898 180
554019 180
554814 180
556298 180
556921 180
558070 180
558840 180
559093 180
559724 180
560522 180
562124 180
562828 180
566668 180
568700 180
568934 180
570432 180
570995 180
571681 180
572502 180
572562 180
576416 180
576428 180
576538 180
576768 180
576915 180
577963 180
579088 180
580889 180
584201 180
584222 180
584745 180
585228 180
585526 180
585664 180
586341 180
588743 180
592736 180
596190 180
605100 180
606071 180
606193 180
606277 180
606346 180
606729 180
607999 180
608385 180
609485 180
611080 180
613550 180
613789 180
614194 180
614707 180
615186 180
615349 180
615510 180
617195 180
624538 180
627207 180
629973 180
630105 180
631745 180
634900 180
658602 180
717011 180
717652 180
722208 180
502934 160
503872 160
503902 160
505003 160
505340 160
505496 160
505519 160
505586 160
505607 160
505772 160
505829 160
506078 160
507031 160
507331 160
507338 160
507357 160
507371 160
507970 160
508129 160
508468 160
509196 160
509556 160
509800 160
510308 160
511071 160
511624 160
512841 160
513165 160
513259 160
513960 160
514005 160
514092 160
514788 160
514972 160
514990 160
515874 160
515913 160
516068 160
516119 160
517597 160
517850 160
518483 160
518491 160
518527 160
518605 160
518691 160
518715 160
519405 160
519480 160
519879 160
520110 160
521144 160
521550 160
521605 160
522478 160
522547 160
522571 160
522633 160
522826 160
522904 160
523235 160
523999 160
524204 160
524676 160
525073 160
525254 160
525804 160
525833 160
525835 160
525885 160
525933 160
526093 160
526170 160
526334 160
526737 160
527151 160
527278 160
527340 160
527438 160
527454 160
527528 160
527692 160
527706 160
527746 160
527815 160
528611 160
529063 160
529097 160
529129 160
529229 160
529231 160
529327 160
529342 160
529459 160
530844 160
531931 160
532445 160
532468 160
532637 160
532769 160
532869 160
533091 160
533360 160
533374 160
533554 160
533626 160
533669 160
533804 160
533983 160
534029 160
534221 160
534279 160
534333 160
534495 160
534769 160
534944 160
535221 160
535346 160
535385 160
535438 160
536531 160
536706 160
536908 160
536913 160
537277 160
537480 160
537872 160
538201 160
538325 160
538477 160
538944 160
539062 160
539395 160
539685 160
539948 160
540006 160
540099 160
540143 160
540208 160
540238 160
540454 160
540541 160
540672 160
540718 160
540751 160
540768 160
541043 160
541094 160
541232 160
541397 160
541558 160
541720 160
541766 160
542170 160
542190 160
542440 160
542459 160
542476 160
542484 160
542563 160
542565 160
542569 160
542692 160
543243 160
543252 160
543335 160
543803 160
543821 160
544022 160
544121 160
544175 160
544292 160
544619 160
544753 160
544784 160
544918 160
544942 160
545067 160
545073 160
545155 160
545189 160
545329 160
545570 160
545694 160
545755 160
545773 160
545875 160
545889 160
545894 160
545934 160
546044 160
546210 160
546249 160
546283 160
546284 160
546302 160
546310 160
546693 160
546794 160
546974 160
547002 160
550693 160
551635 160
552073 160
552078 160
554044 160
554264 160
557983 160
558654 160
558779 160
559711 160
560895 160
563291 160
563399 160
563690 160
563724 160
565523 160
569688 160
570425 160
570481 160
571046 160
571280 160
571819 160
572063 160
572257 160
572276 160
572278 160
572322 160
572334 160
574537 160
575760 160
578157 160
578265 160
578999 160
579753 160
580148 160
583422 160
584802 160
584954 160
585768 160
585783 160
585988 160
586301 160
587381 160
587514 160
589726 160
591328 160
591347 160
591790 160
591986 160
593634 160
593719 160
595986 160
596200 160
596825 160
599624 160
600464 160
601928 160
606392 160
606702 160
608722 160
609190 160
609952 160
615010 160
615021 160
617120 160
617208 160
618675 160
623177 160
625053 160
625348 160
626656 160
629169 160
630213 160
632453 160
632616 160
632696 160
634313 160
651985 160
677422 160
681807 160
683090 160
689822 160
712598 160
712724 160
713994 160
501800 140
502142 140
502197 140
502430 140
502686 140
502815 140
502985 140
503011 140
504555 140
504671 140
504743 140
504785 140
504950 140
504968 140
505073 140
505194 140
505603 140
505671 140
505911 140
506125 140
507240 140
507265 140
507334 140
507358 140
507393 140
507612 140
507748 140
507921 140
509434 140
509716 140
509718 140
509762 140
510207 140
510404 140
510631 140
510687 140
510936 140
511323 140
511477 140
511885 140
512854 140
512975 140
513517 140
513645 140
513822 140
514017 140
514041 140
514055 140
514087 140
514111 140
514114 140
514309 140
514417 140
514582 140
514665 140
514798 140
514997 140
515446 140
515741 140
516129 140
516141 140
516398 140
516444 140
517175 140
517589 140
517700 140
517840 140
517934 140
518068 140
518119 140
518146 140
518318 140
518561 140
518595 140
518735 140
518779 140
518835 140
519000 140
519011 140
519204 140
519764 140
520025 140
520041 140
520727 140
520920 140
521336 140
521482 140
521707 140
522184 140
522191 140
522580 140
522639 140
522863 140
523468 140
523500 140
524472 140
524779 140
524924 140
524948 140
525123 140
525347 140
525360 140
525432 140
525517 140
525652 140
525671 140
525908 140
525909 140
525998 140
526439 140
526518 140
526630 140
527194 140
527224 140
527270 140
527315 140
527394 140
527413 140
527507 140
527805 140
528517 140
528762 140
528769 140
528998 140
529006 140
529031 140
529054 140
529164 140
529509 140
529664 140
529813 140
529823 140
529932 140
530199 140
530344 140
530503 140
530523 140
531062 140
531281 140
531356 140
531893 140
532179 140
532548 140
532578 140
532627 140
532642 140
532712 140
532773 140
532810 140
533172 140
533365 140
533441 140
533781 140
533898 140
534018 140
534358 140
534456 140
534738 140
534895 140
534897 140
535118 140
535156 140
535237 140
535344 140
535572 140
536180 140
536404 140
536570 140
536577 140
536610 140
536959 140
537366 140
537964 140
537973 140
538333 140
538354 140
538626 140
538714 140
538857 140
538900 140
539156 140
539197 140
539711 140
539928 140
539992 140
540040 140
540259 140
540275 140
540310 140
540328 140
540447 140
540467 140
540492 140
540596 140
540702 140
540703 140
540708 140
540820 140
540873 140
541145 140
541168 140
541208 140
541252 140
541262 140
541272 140
541308 140
541390 140
541471 140
541659 140
541775 140
541793 140
541824 140
541883 140
541913 140
542165 140
542368 140
542430 140
542524 140
542607 140
542636 140
542667 140
542727 140
542738 140
542755 140
542779 140
542819 140
542977 140
543160 140
543166 140
543174 140
543254 140
543274 140
543283 140
543338 140
543474 140
543499 140
543544 140
543559 140
543892 140
544115 140
544117 140
544124 140
544207 140
544252 140
544517 140
544524 140
544534 140
544556 140
544567 140
544688 140
544739 140
544847 140
544935 140
544943 140
545089 140
545113 140
545118 140
545131 140
545151 140
545209 140
545332 140
545513 140
545559 140
545595 140
545606 140
545627 140
545685 140
545693 140
545765 140
545767 140
545771 140
545780 140
546039 140
546165 140
546180 140
546306 140
547177 140
547218 140
547220 140
550586 140
551092 140
551831 140
552365 140
552714 140
553795 140
554816 140
554877 140
554885 140
556179 140
556297 140
556586 140
556760 140
557441 140
557590 140
557639 140
558137 140
559113 140
559452 140
560540 140
560967 140
563323 140
564047 140
564410 140
564910 140
570346 140
570485 140
570957 140
571013 140
571611 140
571613 140
571814 140
571885 140
572279 140
572470 140
574065 140
574961 140
577137 140
577619 140
577632 140
578109 140
578785 140
580348 140
583627 140
584084 140
584257 140
584318 140
584385 140
584571 140
584905 140
584944 140
585063 140
585320 140
585338 140
585463 140
585508 140
585648 140
586199 140
586682 140
587393 140
587760 140
588689 140
592135 140
592223 140
592337 140
592552 140
592640 140
592785 140
593652 140
595393 140
595487 140
595644 140
595900 140
596698 140
601575 140
602047 140
602594 140
604380 140
604764 140
606955 140
607897 140
608008 140
608741 140
608991 140
609610 140
609748 140
610030 140
610892 140
612966 140
614788 140
615027 140
615973 140
617368 140
617850 140
618264 140
618448 140
619667 140
621130 140
622085 140
622094 140
624550 140
624791 140
625164 140
625256 140
626154 140
629009 140
629146 140
629196 140
630191 140
630941 140
631451 140
632828 140
634391 140
637562 140
650045 140
674056 140
680001 140
687685 140
711686 140
712265 140
714112 140
501890 120
501904 120
502232 120
502304 120
502412 120
502507 120
502881 120
502905 120
502939 120
503150 120
503630 120
504149 120
505099 120
505253 120
505293 120
505314 120
505419 120
505486 120
505580 120
505596 120
505625 120
506024 120
506538 120
506564 120
506760 120
507015 120
507631 120
508233 120
508277 120
508385 120
508427 120
509456 120
509681 120
509742 120
509832 120
510012 120
510049 120
510199 120
510224 120
510236 120
510407 120
511907 120
511908 120
512955 120
512977 120
513240 120
513463 120
513827 120
513856 120
514275 120
514347 120
514876 120
515041 120
516087 120
516088 120
516168 120
516377 120
516462 120
516463 120
517211 120
517315 120
517398 120
517436 120
517465 120
517730 120
517738 120
517743 120
517932 120
517982 120
518065 120
518153 120
518245 120
518611 120
518817 120
519024 120
519253 120
519263 120
519854 120
519932 120
520057 120
520777 120
520940 120
521410 120
521430 120
521475 120
521798 120
521814 120
521934 120
522033 120
522125 120
522171 120
522477 120
522532 120
522550 120
522758 120
522843 120
522849 120
522964 120
523238 120
523311 120
523421 120
523435 120
523446 120
523619 120
523800 120
523910 120
524444 120
524517 120
524725 120
524758 120
524953 120
525005 120
525131 120
525255 120
525272 120
525285 120
525670 120
525737 120
525763 120
525765 120
525807 120
525826 120
525952 120
526006 120
526374 120
526577 120
526578 120
526748 120
526888 120
526981 120
527020 120
527040 120
527102 120
527359 120
527778 120
527840 120
528053 120
528079 120
528094 120
528243 120
528629 120
528711 120
528798 120
528944 120
529020 120
529040 120
529067 120
529173 120
529190 120
529475 120
529776 120
530032 120
530329 120
530479 120
531049 120
531743 120
531948 120
531961 120
532003 120
532295 120
532365 120
532544 120
532552 120
532601 120
532649 120
532864 120
532880 120
532985 120
533004 120
533009 120
533202 120
533356 120
533465 120
533706 120
533744 120
533765 120
534137 120
534201 120
534219 120
534241 120
534264 120
534274 120
534451 120
534455 120
534514 120
534957 120
534991 120
535017 120
535155 120
535176 120
535323 120
535326 120
535389 120
535466 120
535481 120
535535 120
535548 120
535915 120
536588 120
536619 120
536777 120
536936 120
537063 120
537086 120
537088 120
537180 120
537444 120
537919 120
538218 120
538696 120
538785 120
538863 120
538919 120
538929 120
539064 120
539119 120
539134 120
539852 120
539888 120
540063 120
540130 120
540240 120
540249 120
540358 120
540363 120
540407 120
540430 120
540457 120
540471 120
540488 120
540528 120
540593 120
540612 120
540625 120
540654 120
540662 120
540665 120
540691 120
540713 120
540723 120
540800 120
541114 120
541279 120
541311 120
541332 120
541449 120
541649 120
541676 120
541754 120
541776 120
541789 120
541822 120
541899 120
542157 120
542195 120
542210 120
542215 120
542246 120
542297 120
542374 120
542388 120
542489 120
542496 120
542505 120
542572 120
542589 120
542608 120
542641 120
542648 120
542653 120
542665 120
542690 120
542965 120
543156 120
543229 120
543231 120
543239 120
543263 120
543281 120
543465 120
543480 120
543506 120
543739 120
543812 120
543864 120
544054 120
544182 120
544203 120
544212 120
544301 120
544659 120
544758 120
545071 120
545135 120
545196 120
545202 120
545207 120
545221 120
545261 120
545387 120
545463 120
545517 120
545547 120
545611 120
545744 120
545778 120
545822 120
545838 120
545881 120
545954 120
546015 120
546017 120
546093 120
546107 120
546109 120
546110 120
546130 120
546172 120
546184 120
546213 120
546294 120
546313 120
546683 120
546764 120
546991 120
547257 120
547266 120
550619 120
551190 120
551582 120
551636 120
551713 120
551940 120
552318 120
552997 120
553133 120
553254 120
553862 120
554784 120
554898 120
555647 120
556261 120
556833 120
557045 120
557369 120
557381 120
557436 120
558365 120
558670 120
558711 120
558965 120
559155 120
560608 120
563576 120
564014 120
564034 120
564538 120
564545 120
564839 120
565132 120
565619 120
566696 120
567529 120
569160 120
569883 120
570160 120
570280 120
570426 120
571557 120
571564 120
571820 120
572045 120
572481 120
572558 120
574014 120
574188 120
574793 120
575096 120
576656 120
576848 120
577617 120
577631 120
577929 120
578012 120
578019 120
578075 120
578086 120
578154 120
578765 120
578840 120
578889 120
578922 120
579763 120
580368 120
582400 120
584081 120
584164 120
585199 120
585249 120
585554 120
586023 120
586155 120
586180 120
588625 120
589379 120
591384 120
592329 120
592364 120
592516 120
592538 120
592715 120
593888 120
594795 120
595332 120
596209 120
596694 120
596950 120
597574 120
598236 120
602587 120
604900 120
605160 120
605392 120
606123 120
606332 120
607324 120
607432 120
608213 120
608883 120
609567 120
609575 120
609603 120
609874 120
611541 120
611667 120
612394 120
613035 120
613659 120
613707 120
614336 120
614493 120
615310 120
615466 120
616099 120
616574 120
617178 120
617201 120
617207 120
617427 120
617525 120
618035 120
618194 120
620535 120
620747 120
624963 120
625765 120
628112 120
628797 120
630100 120
630818 120
632329 120
634182 120
634358 120
635412 120
639462 120
656845 120
659183 120
660902 120
663902 120
669451 120
673626 120
700742 120
711751 120
712675 120
712888 120
712894 120
713407 120
714104 120
714364 120
716219 120
717254 120
718222 120
718640 120
501765 100
501769 100
501786 100
501868 100
502013 100
502032 100
502104 100
502187 100
502223 100
502411 100
502477 100
502483 100
502484 100
502542 100
502659 100
502711 100
502752 100
502901 100
502924 100
503105 100
503477 100
503568 100
503682 100
503801 100
504043 100
504114 100
504684 100
504713 100
504726 100
504731 100
504778 100
504920 100
504992 100
505142 100
505245 100
505261 100
505276 100
505282 100
505595 100
505687 100
505735 100
505761 100
505785 100
505874 100
505897 100
505975 100
506008 100
506031 100
506219 100
506593 100
506753 100
507343 100
507352 100
507356 100
507390 100
507896 100
508095 100
508096 100
508267 100
508287 100
508303 100
508358 100
508436 100
508452 100
509365 100
509414 100
509564 100
509603 100
509663 100
509672 100
509684 100
509699 100
509717 100
509738 100
509747 100
509751 100
509756 100
509786 100
509825 100
509838 100
509857 100
509867 100
509928 100
509972 100
510040 100
510047 100
510122 100
510129 100
510180 100
510289 100
510305 100
511004 100
511263 100
511276 100
511361 100
511422 100
511534 100
511552 100
511558 100
511597 100
511604 100
512041 100
512677 100
512702 100
512736 100
512788 100
512881 100
512897 100
512900 100
512931 100
512939 100
512980 100
513152 100
513153 100
513237 100
513281 100
513380 100
513396 100
513399 100
513401 100
513421 100
513430 100
513457 100
513476 100
513501 100
513538 100
513668 100
513732 100
513770 100
513792 100
513846 100
513884 100
513918 100
513923 100
513941 100
513969 100
513973 100
513995 100
513997 100
514000 100
514002 100
514062 100
514102 100
514120 100
514126 100
514148 100
514155 100
514163 100
514177 100
514323 100
514395 100
514430 100
514487 100
514616 100
514684 100
514688 100
514700 100
514715 100
514776 100
514777 100
514779 100
514890 100
514896 100
514967 100
515000 100
515006 100
515034 100
515347 100
515349 100
515457 100
515513 100
515524 100
515639 100
515785 100
515830 100
516081 100
516083 100
516094 100
516106 100
516124 100
516139 100
516147 100
516174 100
516208 100
516419 100
516453 100
516473 100
517128 100
517252 100
517425 100
517451 100
517477 100
517571 100
517600 100
517822 100
517835 100
517843 100
517873 100
517909 100
517913 100
517915 100
517942 100
517997 100
518047 100
518086 100
518121 100
518144 100
518170 100
518172 100
518174 100
518177 100
518186 100
518188 100
518218 100
518230 100
518263 100
518475 100
518490 100
518584 100
518621 100
518706 100
518722 100
518729 100
518784 100
518833 100
518834 100
518845 100
519052 100
519248 100
519269 100
519283 100
519330 100
519361 100
519394 100
519594 100
519731 100
519762 100
519794 100
519798 100
519825 100
519826 100
519853 100
519870 100
519927 100
520082 100
520184 100
520195 100
520263 100
520315 100
520383 100
520404 100
520440 100
520490 100
520682 100
520825 100
520833 100
520844 100
520914 100
521038 100
521055 100
521240 100
521266 100
521270 100
521290 100
521296 100
521313 100
521328 100
521424 100
521442 100
521499 100
521528 100
521562 100
521598 100
521611 100
521654 100
521701 100
521715 100
521734 100
521758 100
521783 100
521789 100
521969 100
522000 100
522017 100
522092 100
522217 100
522234 100
522269 100
522295 100
522346 100
522377 100
522444 100
522465 100
522471 100
522517 100
522557 100
522586 100
522677 100
522689 100
522704 100
522756 100
522781 100
522782 100
522807 100
522818 100
522874 100
522885 100
522906 100
522916 100
522990 100
523064 100
523163 100
523165 100
523167 100
523214 100
523218 100
523253 100
523323 100
523340 100
523598 100
523624 100
523659 100
523806 100
523832 100
523903 100
523929 100
523931 100
523941 100
523970 100
524043 100
524167 100
524206 100
524220 100
524331 100
524383 100
524451 100
524452 100
524483 100
524494 100
524670 100
524672 100
524700 100
524849 100
524868 100
524937 100
524952 100
525041 100
525145 100
525312 100
525317 100
525377 100
525381 100
525484 100
525540 100
525572 100
525581 100
525618 100
525634 100
525650 100
525651 100
525656 100
525662 100
525669 100
525775 100
525796 100
525828 100
525867 100
525876 100
525899 100
525905 100
525919 100
525921 100
525982 100
526029 100
526036 100
526051 100
526064 100
526083 100
526087 100
526090 100
526096 100
526098 100
526106 100
526135 100
526145 100
526159 100
526186 100
526199 100
526256 100
526272 100
526281 100
526332 100
526424 100
526474 100
526565 100
526646 100
526670 100
526676 100
526697 100
526741 100
526819 100
526832 100
526853 100
526899 100
526932 100
526992 100
527038 100
527142 100
527204 100
527214 100
527311 100
527321 100
527358 100
527472 100
527587 100
527593 100
527610 100
527670 100
527676 100
527688 100
527701 100
527710 100
527714 100
527756 100
527760 100
527798 100
527811 100
528061 100
528075 100
528121 100
528231 100
528612 100
528757 100
528770 100
528772 100
528791 100
528895 100
528927 100
528935 100
529009 100
529027 100
529043 100
529055 100
529100 100
529162 100
529188 100
529280 100
529326 100
529361 100
529367 100
529388 100
529454 100
529529 100
529558 100
529660 100
529663 100
529705 100
529730 100
529755 100
529850 100
529861 100
529898 100
530056 100
530103 100
530109 100
530255 100
530277 100
530292 100
530309 100
530315 100
530363 100
530543 100
530714 100
530849 100
531056 100
531077 100
531345 100
531347 100
531352 100
531354 100
531362 100
531376 100
531388 100
531396 100
531397 100
531770 100
531785 100
531861 100
531938 100
531959 100
531963 100
531973 100
531976 100
532006 100
532307 100
532367 100
532387 100
532497 100
532581 100
532599 100
532604 100
532651 100
532680 100
532717 100
532723 100
532822 100
532851 100
532895 100
532899 100
532962 100
533076 100
533448 100
533629 100
533667 100
533701 100
533716 100
533795 100
533915 100
533986 100
534006 100
534112 100
534187 100
534207 100
534232 100
534294 100
534318 100
534327 100
534436 100
534545 100
534551 100
534641 100
534660 100
534726 100
534750 100
534832 100
534915 100
535020 100
535055 100
535088 100
535132 100
535160 100
535167 100
535181 100
535194 100
535209 100
535260 100
535342 100
535350 100
535415 100
535445 100
535461 100
535508 100
535538 100
535743 100
535920 100
536022 100
536344 100
536372 100
536506 100
536515 100
536580 100
536608 100
536690 100
536710 100
536879 100
536937 100
537084 100
537094 100
537164 100
537409 100
537506 100
537552 100
537624 100
537661 100
537723 100
537989 100
538056 100
538115 100
538199 100
538381 100
538389 100
538409 100
538432 100
538445 100
538454 100
538534 100
538591 100
538595 100
538616 100
538627 100
538629 100
538726 100
538761 100
538806 100
538821 100
538878 100
538940 100
538958 100
538986 100
539039 100
539330 100
539615 100
539780 100
539881 100
539944 100
539949 100
540046 100
540106 100
540122 100
540133 100
540197 100
540232 100
540283 100
540354 100
540414 100
540440 100
540466 100
540513 100
540525 100
540538 100
540545 100
540553 100
540573 100
540608 100
540641 100
540679 100
540693 100
540765 100
540773 100
540812 100
540814 100
540911 100
541033 100
541040 100
541042 100
541046 100
541054 100
541078 100
541091 100
541123 100
541128 100
541183 100
541216 100
541218 100
541227 100
541258 100
541337 100
541364 100
541415 100
541438 100
541456 100
541468 100
541618 100
541664 100
541697 100
541781 100
541817 100
541819 100
541869 100
542148 100
542211 100
542234 100
542237 100
542275 100
542278 100
542285 100
542317 100
542327 100
542337 100
542347 100
542379 100
542389 100
542390 100
542514 100
542610 100
542644 100
542646 100
542714 100
542724 100
542776 100
542781 100
542782 100
542785 100
542849 100
542900 100
542913 100
542916 100
542921 100
543003 100
543022 100
543028 100
543125 100
543209 100
543233 100
543238 100
543357 100
543370 100
543387 100
543486 100
543502 100
543689 100
543697 100
543738 100
543800 100
543810 100
543820 100
543831 100
543891 100
544038 100
544046 100
544052 100
544065 100
544070 100
544088 100
544091 100
544128 100
544137 100
544152 100
544154 100
544190 100
544304 100
544345 100
544403 100
544654 100
544743 100
544765 100
544779 100
544853 100
545041 100
545046 100
545114 100
545116 100
545153 100
545191 100
545215 100
545236 100
545295 100
545468 100
545510 100
545536 100
545544 100
545580 100
545585 100
545602 100
545672 100
545675 100
545696 100
545722 100
545870 100
545878 100
545883 100
546009 100
546019 100
546026 100
546155 100
546163 100
546171 100
546227 100
546240 100
546246 100
546248 100
546260 100
546262 100
546314 100
546350 100
546751 100
546758 100
547097 100
547119 100
547149 100
547150 100
547154 100
547164 100
547174 100
547204 100
547213 100
547277 100
547316 100
547377 100
551420 100
551558 100
551613 100
551623 100
551630 100
552038 100
552379 100
552811 100
553150 100
553618 100
553781 100
554142 100
554240 100
554626 100
554728 100
554855 100
555006 100
555178 100
555758 100
555835 100
555838 100
556057 100
556258 100
556457 100
556515 100
556673 100
556793 100
556966 100
557007 100
557418 100
557507 100
557913 100
557918 100
557937 100
558104 100
558143 100
558332 100
558671 100
558807 100
558959 100
559009 100
559085 100
559156 100
559222 100
559692 100
560033 100
560479 100
561066 100
561412 100
561523 100
561572 100
562071 100
562271 100
562312 100
562325 100
562326 100
562404 100
562842 100
563270 100
563300 100
563814 100
563816 100
564357 100
564905 100
565956 100
565984 100
566003 100
566073 100
566130 100
566753 100
566759 100
567032 100
567465 100
568600 100
568821 100
568940 100
568997 100
569341 100
569364 100
569526 100
570040 100
570340 100
570364 100
570421 100
570917 100
570948 100
571011 100
571044 100
571127 100
571182 100
571282 100
571544 100
571549 100
571559 100
571714 100
571809 100
571828 100
571887 100
571999 100
572480 100
573826 100
574060 100
574371 100
575427 100
576264 100
576358 100
576377 100
576383 100
576736 100
576746 100
576759 100
576835 100
577144 100
577200 100
577517 100
577555 100
577622 100
577640 100
577652 100
577888 100
577964 100
578006 100
578032 100
578091 100
578134 100
578224 100
578257 100
578446 100
578786 100
578860 100
578981 100
578997 100
579049 100
579252 100
579255 100
579371 100
579646 100
579648 100
579845 100
579861 100
579898 100
580242 100
580243 100
580662 100
580927 100
581529 100
582064 100
582751 100
583159 100
583340 100
584010 100
584125 100
584182 100
584710 100
584853 100
585040 100
585065 100
585214 100
585251 100
585300 100
585318 100
585383 100
585388 100
585399 100
585452 100
585550 100
585608 100
585656 100
585863 100
586082 100
586420 100
586626 100
586737 100
586829 100
586882 100
587044 100
587245 100
587254 100
587433 100
587620 100
587623 100
587686 100
588688 100
589125 100
589418 100
589862 100
590442 100
590645 100
591573 100
591607 100
591928 100
592189 100
592505 100
592582 100
592583 100
592642 100
592707 100
592729 100
592778 100
593254 100
593311 100
593739 100
594459 100
594607 100
595094 100
595226 100
595259 100
595460 100
595751 100
595880 100
595945 100
595989 100
596021 100
596035 100
596092 100
596100 100
596153 100
596176 100
596420 100
596556 100
596559 100
596690 100
596741 100
597601 100
597670 100
598057 100
599451 100
600929 100
601944 100
602028 100
602077 100
602154 100
602209 100
602565 100
604402 100
604963 100
605059 100
605302 100
605348 100
605356 100
605582 100
605593 100
605964 100
606256 100
606337 100
606452 100
606519 100
606660 100
606675 100
607108 100
607333 100
607995 100
608208 100
608394 100
608726 100
608746 100
609155 100
609580 100
609876 100
609959 100
610022 100
610027 100
610528 100
610635 100
610896 100
610898 100
611470 100
612051 100
612388 100
612850 100
613020 100
613579 100
613666 100
613783 100
613796 100
613822 100
613840 100
614137 100
614217 100
614484 100
614547 100
614610 100
614653 100
614789 100
614790 100
614846 100
614993 100
615034 100
615036 100
615099 100
615291 100
615299 100
615300 100
615387 100
615551 100
615960 100
616573 100
616816 100
617145 100
617171 100
617726 100
617987 100
618157 100
619407 100
620117 100
620697 100
621571 100
622172 100
622483 100
622605 100
622937 100
623482 100
623706 100
624165 100
624428 100
624630 100
624871 100
624884 100
624905 100
624987 100
625051 100
625153 100
625253 100
625451 100
625516 100
625648 100
627371 100
628170 100
628937 100
628996 100
629024 100
629118 100
629119 100
629186 100
629230 100
629290 100
629380 100
629485 100
629561 100
629598 100
629772 100
629955 100
629964 100
630019 100
630034 100
630071 100
630097 100
630098 100
630099 100
630170 100
630186 100
630189 100
630193 100
630199 100
630415 100
630456 100
630817 100
631654 100
631899 100
632730 100
633245 100
633499 100
633581 100
634317 100
634342 100
634572 100
634583 100
634727 100
634785 100
636945 100
637257 100
637259 100
647342 100
649600 100
650012 100
650542 100
653523 100
659103 100
659884 100
660342 100
661990 100
666448 100
668423 100
673414 100
674450 100
679262 100
689382 100
689862 100
698643 100
701002 100
711603 100
711700 100
711710 100
711988 100
712000 100
712254 100
712942 100
713039 100
713060 100
714537 100
716878 100
717272 100
717364 100
718645 100
718912 100
720648 100
501776 80
501780 80
501810 80
501814 80
501919 80
501960 80
502101 80
502126 80
502145 80
502166 80
502240 80
502247 80
502254 80
502264 80
502423 80
502520 80
502532 80
502588 80
502590 80
502597 80
502616 80
502652 80
502783 80
503367 80
503688 80
503861 80
504042 80
504129 80
504142 80
504597 80
504605 80
504746 80
504748 80
504751 80
504762 80
504790 80
504814 80
504825 80
504835 80
504879 80
504881 80
504900 80
504977 80
505008 80
505131 80
505433 80
505470 80
505502 80
505523 80
505533 80
505566 80
505849 80
505940 80
506059 80
506105 80
506108 80
506215 80
506438 80
506555 80
506588 80
506601 80
506715 80
506739 80
506775 80
507105 80
507380 80
507455 80
507700 80
508093 80
508262 80
508278 80
508289 80
508461 80
508558 80
508682 80
508760 80
508796 80
508815 80
509280 80
509464 80
509490 80
509576 80
509618 80
509755 80
509778 80
509780 80
509843 80
509890 80
510104 80
510192 80
510244 80
510273 80
510505 80
510603 80
510656 80
510662 80
510711 80
510970 80
511006 80
511012 80
511016 80
511055 80
511342 80
511392 80
511402 80
511482 80
511515 80
511616 80
511654 80
511672 80
512660 80
512716 80
512717 80
512781 80
512925 80
512953 80
513028 80
513081 80
513146 80
513159 80
513191 80
513202 80
513231 80
513264 80
513283 80
513337 80
513361 80
513400 80
513420 80
513455 80
513480 80
513481 80
513494 80
513527 80
513573 80
513580 80
513616 80
513640 80
513670 80
513738 80
513756 80
513773 80
513796 80
513816 80
513925 80
513954 80
514004 80
514009 80
514091 80
514094 80
514129 80
514154 80
514182 80
514221 80
514224 80
514237 80
514249 80
514268 80
514329 80
514336 80
514355 80
514579 80
514607 80
514663 80
514695 80
514709 80
514716 80
514740 80
514900 80
515074 80
515119 80
515164 80
515272 80
515403 80
515452 80
515557 80
515565 80
515586 80
515648 80
515715 80
515811 80
515822 80
515832 80
515866 80
516010 80
516032 80
516073 80
516144 80
516177 80
516200 80
516284 80
516367 80
516411 80
516551 80
516596 80
517004 80
517152 80
517186 80
517382 80
517403 80
517440 80
517450 80
517452 80
517490 80
517545 80
517614 80
517646 80
517665 80
517688 80
517732 80
517739 80
517740 80
517755 80
517762 80
517796 80
517825 80
517890 80
517948 80
517954 80
517976 80
517991 80
518000 80
518035 80
518062 80
518073 80
518080 80
518082 80
518096 80
518248 80
518253 80
518268 80
518320 80
518395 80
518414 80
518426 80
518429 80
518434 80
518498 80
518545 80
518613 80
518792 80
518825 80
519076 80
519112 80
519214 80
519272 80
519474 80
519508 80
519574 80
519631 80
519806 80
519810 80
519837 80
519872 80
519904 80
519913 80
519979 80
519983 80
520060 80
520135 80
520198 80
520306 80
520353 80
520418 80
520598 80
520745 80
520789 80
520798 80
520819 80
520828 80
520876 80
520923 80
520939 80
521140 80
521202 80
521237 80
521278 80
521307 80
521434 80
521439 80
521446 80
521453 80
521465 80
521481 80
521489 80
521584 80
521772 80
521813 80
521855 80
521875 80
521876 80
521886 80
521902 80
521939 80
521940 80
521980 80
521995 80
522009 80
522010 80
522035 80
522120 80
522133 80
522151 80
522188 80
522190 80
522202 80
522246 80
522264 80
522323 80
522342 80
522434 80
522452 80
522468 80
522495 80
522544 80
522564 80
522589 80
522591 80
522600 80
522601 80
522663 80
522690 80
522701 80
522713 80
522722 80
522762 80
522800 80
522830 80
522860 80
522894 80
522898 80
522940 80
522953 80
522983 80
523033 80
523104 80
523107 80
523162 80
523182 80
523202 80
523227 80
523230 80
523260 80
523281 80
523289 80
523298 80
523300 80
523301 80
523317 80
523322 80
523337 80
523347 80
523418 80
523434 80
523475 80
523485 80
523565 80
523597 80
523632 80
523666 80
523673 80
523727 80
523745 80
523828 80
523874 80
523891 80
523902 80
523933 80
523981 80
523992 80
523997 80
524056 80
524059 80
524119 80
524182 80
524240 80
524458 80
524655 80
524667 80
524680 80
524691 80
524699 80
524752 80
524763 80
524871 80
525006 80
525100 80
525112 80
525115 80
525116 80
525168 80
525209 80
525220 80
525268 80
525297 80
525299 80
525319 80
525363 80
525440 80
525503 80
525520 80
525529 80
525539 80
525606 80
525649 80
525739 80
525808 80
525816 80
525830 80
525858 80
525870 80
525878 80
525883 80
525889 80
525890 80
525923 80
525939 80
525943 80
526001 80
526010 80
526041 80
526046 80
526052 80
526081 80
526091 80
526092 80
526099 80
526162 80
526209 80
526224 80
526290 80
526308 80
526340 80
526342 80
526422 80
526455 80
526463 80
526497 80
526524 80
526545 80
526549 80
526557 80
526629 80
526631 80
526633 80
526650 80
526687 80
526688 80
526710 80
526715 80
526725 80
526729 80
526750 80
526767 80
526773 80
526783 80
526820 80
526828 80
526842 80
526925 80
526926 80
526998 80
527055 80
527094 80
527130 80
527259 80
527275 80
527279 80
527280 80
527288 80
527289 80
527351 80
527357 80
527420 80
527433 80
527450 80
527550 80
527571 80
527572 80
527591 80
527598 80
527654 80
527673 80
527704 80
527735 80
527740 80
527745 80
527780 80
527860 80
527875 80
527902 80
528058 80
528081 80
528097 80
528145 80
528210 80
528239 80
528623 80
528779 80
528786 80
528788 80
528792 80
528797 80
529024 80
529026 80
529047 80
529111 80
529117 80
529132 80
529152 80
529157 80
529193 80
529245 80
529349 80
529353 80
529448 80
529450 80
529536 80
529646 80
529651 80
529679 80
529682 80
529700 80
529763 80
529765 80
529838 80
529842 80
529852 80
529951 80
530020 80
530022 80
530125 80
530196 80
530276 80
530774 80
530900 80
530925 80
530939 80
531054 80
531076 80
531138 80
531322 80
531355 80
531384 80
531393 80
531394 80
531395 80
531400 80
531406 80
531409 80
531872 80
531894 80
531939 80
531955 80
531957 80
531982 80
531996 80
531997 80
532111 80
532216 80
532217 80
532235 80
532250 80
532288 80
532296 80
532513 80
532590 80
532614 80
532643 80
532671 80
532684 80
532924 80
533055 80
533079 80
533189 80
533250 80
533291 80
533449 80
533452 80
533475 80
533497 80
533559 80
533587 80
533704 80
533736 80
533953 80
533999 80
534027 80
534139 80
534173 80
534177 80
534330 80
534362 80
534395 80
534500 80
534574 80
534706 80
534722 80
534767 80
534892 80
534920 80
535037 80
535120 80
535163 80
535215 80
535231 80
535251 80
535296 80
535299 80
535322 80
535348 80
535404 80
535426 80
535441 80
535442 80
535462 80
535472 80
535489 80
535529 80
535533 80
535534 80
535683 80
535694 80
535778 80
535831 80
535835 80
535858 80
535899 80
535946 80
536033 80
536068 80
536143 80
536146 80
536342 80
536367 80
536444 80
536456 80
536509 80
536523 80
536566 80
536603 80
536609 80
536699 80
536705 80
536901 80
536939 80
536945 80
537021 80
537024 80
537166 80
537167 80
537533 80
537679 80
537768 80
537876 80
537936 80
538066 80
538091 80
538324 80
538363 80
538369 80
538382 80
538418 80
538464 80
538467 80
538480 80
538499 80
538600 80
538613 80
538685 80
538693 80
538701 80
538728 80
538790 80
538794 80
538856 80
538873 80
538903 80
538947 80
538955 80
538971 80
538982 80
539045 80
539146 80
539218 80
539340 80
539364 80
539567 80
539618 80
539688 80
539698 80
539699 80
539732 80
539762 80
539785 80
539817 80
539908 80
540022 80
540083 80
540096 80
540116 80
540140 80
540193 80
540210 80
540285 80
540302 80
540336 80
540345 80
540348 80
540372 80
540397 80
540470 80
540486 80
540494 80
540502 80
540506 80
540521 80
540527 80
540546 80
540560 80
540682 80
540716 80
540772 80
540789 80
540811 80
540839 80
540846 80
541050 80
541052 80
541075 80
541150 80
541152 80
541191 80
541228 80
541289 80
541413 80
541445 80
541451 80
541454 80
541462 80
541629 80
541639 80
541660 80
541678 80
541748 80
541756 80
541758 80
541779 80
541835 80
541849 80
541876 80
541895 80
542114 80
542164 80
542182 80
542207 80
542255 80
542262 80
542305 80
542343 80
542373 80
542380 80
542410 80
542411 80
542417 80
542463 80
542614 80
542638 80
542661 80
542682 80
542687 80
542707 80
542867 80
542875 80
542956 80
542997 80
543093 80
543143 80
543168 80
543194 80
543218 80
543323 80
543460 80
543470 80
543475 80
543515 80
543601 80
543657 80
543681 80
543742 80
543769 80
543772 80
543788 80
543811 80
543824 80
543825 80
543865 80
544002 80
544005 80
544008 80
544014 80
544057 80
544083 80
544116 80
544140 80
544235 80
544240 80
544243 80
544449 80
544546 80
544565 80
544577 80
544741 80
545050 80
545091 80
545098 80
545132 80
545171 80
545180 80
545192 80
545247 80
545287 80
545424 80
545487 80
545498 80
545520 80
545555 80
545572 80
545619 80
545650 80
545702 80
545745 80
545769 80
545777 80
545783 80
545793 80
545805 80
545826 80
545847 80
545892 80
545904 80
545941 80
545992 80
546036 80
546048 80
546057 80
546121 80
546138 80
546142 80
546179 80
546182 80
546194 80
546228 80
546292 80
546309 80
546322 80
546328 80
546331 80
546416 80
546571 80
546743 80
546944 80
546969 80
547036 80
547148 80
547162 80
547169 80
547199 80
547216 80
547259 80
547281 80
547300 80
547301 80
550620 80
550647 80
550648 80
550927 80
551041 80
551098 80
551151 80
551286 80
551336 80
551397 80
551491 80
551519 80
551544 80
551621 80
551921 80
551943 80
552146 80
552290 80
552316 80
552429 80
552476 80
552526 80
552984 80
553642 80
553937 80
553950 80
553990 80
554004 80
554118 80
554409 80
554534 80
554551 80
554857 80
554927 80
555045 80
555236 80
555525 80
555754 80
555828 80
555873 80
555960 80
556126 80
556197 80
556410 80
556593 80
556811 80
556878 80
557024 80
557460 80
557809 80
557939 80
558175 80
558265 80
558362 80
558435 80
558478 80
558615 80
558661 80
558716 80
558844 80
558885 80
558899 80
558944 80
559105 80
559801 80
559870 80
559985 80
560123 80
560641 80
561107 80
561319 80
561399 80
561445 80
561624 80
561767 80
561881 80
561992 80
561999 80
562015 80
562121 80
562122 80
562483 80
562899 80
563151 80
563217 80
563780 80
563803 80
563821 80
563925 80
563944 80
564180 80
564511 80
564544 80
564546 80
564661 80
564677 80
565527 80
565576 80
565838 80
565911 80
565912 80
565938 80
566128 80
566176 80
566223 80
566356 80
566766 80
566897 80
566946 80
567065 80
567802 80
568652 80
568842 80
569408 80
569530 80
569868 80
569926 80
570180 80
570246 80
570314 80
570321 80
570381 80
570422 80
570434 80
570436 80
570456 80
570913 80
570914 80
570982 80
571028 80
571031 80
571051 80
571126 80
571315 80
571317 80
571379 80
571555 80
571823 80
571833 80
571837 80
571980 80
572005 80
572269 80
572331 80
572332 80
572345 80
572425 80
572431 80
572462 80
572493 80
573830 80
575425 80
575890 80
576379 80
576494 80
576855 80
576913 80
577008 80
577022 80
577201 80
577575 80
577628 80
577745 80
578130 80
578163 80
578227 80
578569 80
578663 80
578777 80
578797 80
578943 80
578971 80
578972 80
579148 80
579369 80
579647 80
579864 80
579932 80
580481 80
580550 80
580601 80
580641 80
580873 80
581281 80
582067 80
582482 80
582547 80
583143 80
583400 80
583451 80
583820 80
584020 80
584288 80
584319 80
584528 80
584645 80
584720 80
584742 80
584800 80
584955 80
585206 80
585274 80
585305 80
585313 80
585319 80
585375 80
585527 80
585584 80
585873 80
585885 80
585964 80
585990 80
586010 80
586061 80
586091 80
586281 80
586285 80
586660 80
586811 80
586943 80
587001 80
587225 80
587578 80
587666 80
588440 80
589415 80
589470 80
589641 80
590550 80
591541 80
591801 80
591940 80
592014 80
592035 80
592042 80
592043 80
592145 80
592185 80
592532 80
592777 80
592780 80
592795 80
592820 80
593763 80
593915 80
594059 80
594073 80
594249 80
594405 80
594451 80
594478 80
594955 80
595045 80
595071 80
595076 80
595099 80
595101 80
595234 80
596307 80
596353 80
596531 80
596703 80
596800 80
596823 80
596976 80
597326 80
597366 80
597487 80
597489 80
598194 80
598199 80
599075 80
599167 80
600271 80
601949 80
602020 80
602346 80
602422 80
602558 80
604801 80
604964 80
605000 80
605653 80
606267 80
606294 80
606442 80
606500 80
606701 80
606840 80
606843 80
607174 80
607196 80
607693 80
608399 80
608671 80
608993 80
609742 80
609779 80
609785 80
609787 80
609905 80
609906 80
610097 80
610538 80
610749 80
610889 80
610934 80
610995 80
611088 80
611234 80
611705 80
611888 80
612020 80
612046 80
612056 80
612343 80
612351 80
612352 80
612962 80
613026 80
613471 80
613501 80
613573 80
613839 80
613891 80
614145 80
614550 80
614556 80
614581 80
614776 80
615017 80
615025 80
615060 80
615177 80
615183 80
615192 80
615477 80
615478 80
615511 80
615536 80
616821 80
616942 80
617098 80
617125 80
617134 80
617174 80
617184 80
617187 80
618155 80
618178 80
618196 80
618468 80
618520 80
620952 80
621082 80
621238 80
621685 80
622055 80
623164 80
623200 80
623212 80
623752 80
623851 80
623856 80
624536 80
624862 80
624992 80
624999 80
625009 80
625126 80
627300 80
627366 80
627941 80
628109 80
628649 80
628883 80
628942 80
629026 80
629364 80
629371 80
629372 80
629378 80
629482 80
629508 80
629953 80
629954 80
629960 80
629967 80
629978 80
629994 80
630016 80
630053 80
630059 80
630079 80
630081 80
630101 80
630121 80
630135 80
630152 80
630155 80
630179 80
630180 80
630182 80
630198 80
630204 80
630210 80
630215 80
630424 80
631574 80
631603 80
631895 80
632080 80
632787 80
634183 80
634263 80
634309 80
634563 80
634748 80
634875 80
634893 80
637194 80
637234 80
637258 80
637273 80
637307 80
641485 80
650345 80
650465 80
650682 80
651662 80
652462 80
653402 80
654462 80
654524 80
655882 80
657762 80
662522 80
669623 80
673410 80
675102 80
677282 80
677522 80
678202 80
680442 80
680742 80
689202 80
699264 80
701283 80
703415 80
705245 80
706322 80
706564 80
707984 80
711994 80
712063 80
712074 80
712156 80
712327 80
712444 80
712671 80
713336 80
713350 80
713791 80
714189 80
714838 80
714914 80
715057 80
715319 80
716522 80
716546 80
716650 80
717119 80
717884 80
718726 80
719071 80
719642 80
501763 60
501775 60
501820 60
501862 60
501877 60
501910 60
501971 60
502034 60
502065 60
502069 60
502185 60
502221 60
502244 60
502268 60
502289 60
502295 60
502354 60
502408 60
502550 60
502606 60
502653 60
502849 60
502871 60
502897 60
502949 60
503239 60
503297 60
503329 60
503528 60
503636 60
503645 60
503675 60
503694 60
503729 60
503887 60
504037 60
504253 60
504255 60
504284 60
504692 60
504722 60
504756 60
504771 60
504776 60
504783 60
504784 60
504796 60
504801 60
504817 60
504823 60
504856 60
504875 60
504894 60
504895 60
504899 60
504919 60
504939 60
504972 60
505167 60
505175 60
505213 60
505249 60
505389 60
505462 60
505535 60
505538 60
505563 60
505620 60
505700 60
505892 60
505937 60
505948 60
505973 60
506057 60
506091 60
506100 60
506119 60
506199 60
506212 60
506300 60
506310 60
506500 60
506624 60
506628 60
506638 60
506683 60
506700 60
506744 60
506978 60
507345 60
507401 60
507646 60
507699 60
507800 60
507890 60
508259 60
508274 60
508342 60
508462 60
508486 60
508499 60
508508 60
508536 60
508686 60
508831 60
509156 60
509239 60
509289 60
509551 60
509626 60
509659 60
509674 60
509714 60
509754 60
509815 60
510020 60
510023 60
510138 60
510254 60
510375 60
510762 60
510803 60
510818 60
510843 60
510932 60
510973 60
510975 60
511053 60
511240 60
511251 60
511410 60
511473 60
511507 60
511516 60
511621 60
511670 60
511680 60
511888 60
512089 60
512115 60
512462 60
512693 60
512705 60
512767 60
512773 60
512813 60
512889 60
512944 60
512960 60
513156 60
513179 60
513229 60
513250 60
513253 60
513260 60
513376 60
513412 60
513424 60
513448 60
513495 60
513558 60
513586 60
513602 60
513621 60
513685 60
513692 60
513728 60
513808 60
513852 60
513881 60
513905 60
513906 60
513944 60
513956 60
513988 60
513991 60
514016 60
514048 60
514054 60
514060 60
514080 60
514100 60
514113 60
514117 60
514124 60
514157 60
514174 60
514176 60
514193 60
514201 60
514259 60
514270 60
514278 60
514302 60
514318 60
514476 60
514479 60
514544 60
514610 60
514654 60
514741 60
514767 60
514836 60
514888 60
514908 60
514924 60
514994 60
515056 60
515110 60
515115 60
515201 60
515244 60
515289 60
515291 60
515311 60
515379 60
515462 60
515539 60
515833 60
515884 60
515890 60
515903 60
516047 60
516063 60
516064 60
516089 60
516102 60
516234 60
516528 60
516618 60
517013 60
517358 60
517390 60
517402 60
517428 60
517446 60
517523 60
517537 60
517552 60
517577 60
517639 60
517669 60
517671 60
517729 60
517748 60
517749 60
517752 60
517753 60
517787 60
517792 60
517816 60
517846 60
517857 60
517861 60
517884 60
517896 60
517898 60
517907 60
517922 60
517953 60
517962 60
517969 60
517989 60
518044 60
518059 60
518069 60
518074 60
518085 60
518088 60
518114 60
518128 60
518141 60
518162 60
518165 60
518173 60
518180 60
518208 60
518222 60
518238 60
518350 60
518501 60
518511 60
518520 60
518567 60
518589 60
518607 60
518610 60
518615 60
518623 60
518626 60
518661 60
518682 60
518719 60
518800 60
518809 60
518822 60
518887 60
519020 60
519031 60
519068 60
519182 60
519228 60
519368 60
519379 60
519385 60
519479 60
519532 60
519627 60
519633 60
519735 60
519736 60
519738 60
519746 60
519758 60
519760 60
519768 60
519770 60
519793 60
519939 60
519944 60
519975 60
520047 60
520049 60
520476 60
520568 60
520576 60
520581 60
520615 60
520785 60
520880 60
521016 60
521048 60
521263 60
521286 60
521287 60
521298 60
521303 60
521326 60
521432 60
521488 60
521508 60
521531 60
521659 60
521723 60
521735 60
521740 60
521812 60
521840 60
521866 60
521871 60
521915 60
521919 60
521929 60
521941 60
521944 60
521950 60
521952 60
521965 60
521983 60
521991 60
522045 60
522079 60
522205 60
522220 60
522271 60
522293 60
522300 60
522314 60
522333 60
522347 60
522363 60
522412 60
522480 60
522504 60
522554 60
522566 60
522616 60
522629 60
522637 60
522695 60
522724 60
522731 60
522767 60
522786 60
522804 60
522848 60
522855 60
522862 60
522873 60
522877 60
522889 60
522944 60
522957 60
522971 60
522982 60
523036 60
523039 60
523087 60
523106 60
523192 60
523195 60
523213 60
523222 60
523226 60
523234 60
523292 60
523334 60
523351 60
523352 60
523355 60
523395 60
523409 60
523470 60
523557 60
523591 60
523600 60
523652 60
523656 60
523662 60
523765 60
523795 60
523836 60
523842 60
523843 60
523856 60
523865 60
523875 60
523879 60
523885 60
523915 60
523916 60
523953 60
523960 60
523969 60
523973 60
523982 60
524014 60
524036 60
524091 60
524107 60
524190 60
524234 60
524455 60
524479 60
524525 60
524551 60
524641 60
524645 60
524652 60
524662 60
524663 60
524674 60
524716 60
524744 60
524771 60
524795 60
524878 60
524883 60
525023 60
525082 60
525083 60
525118 60
525121 60
525127 60
525148 60
525178 60
525207 60
525218 60
525226 60
525262 60
525280 60
525283 60
525306 60
525325 60
525435 60
525486 60
525490 60
525504 60
525555 60
525568 60
525582 60
525600 60
525616 60
525619 60
525620 60
525623 60
525642 60
525654 60
525663 60
525673 60
525731 60
525735 60
525760 60
525782 60
525809 60
525844 60
525873 60
525900 60
525916 60
525924 60
525926 60
525927 60
525944 60
525945 60
525947 60
525950 60
525978 60
525986 60
526015 60
526038 60
526039 60
526040 60
526045 60
526058 60
526079 60
526084 60
526085 60
526086 60
526104 60
526107 60
526108 60
526115 60
526166 60
526194 60
526297 60
526344 60
526348 60
526368 60
526369 60
526381 60
526390 60
526395 60
526409 60
526418 60
526428 60
526436 60
526447 60
526448 60
526456 60
526555 60
526567 60
526574 60
526606 60
526620 60
526624 60
526658 60
526663 60
526679 60
526742 60
526746 60
526807 60
526816 60
526821 60
526850 60
526868 60
526884 60
526906 60
526909 60
526927 60
527008 60
527101 60
527178 60
527227 60
527245 60
527300 60
527312 60
527328 60
527330 60
527346 60
527369 60
527388 60
527398 60
527463 60
527480 60
527495 60
527513 60
527535 60
527538 60
527552 60
527556 60
527558 60
527578 60
527583 60
527584 60
527614 60
527622 60
527625 60
527628 60
527631 60
527677 60
527678 60
527683 60
527697 60
527728 60
527753 60
527765 60
527785 60
527787 60
528047 60
528080 60
528084 60
528088 60
528093 60
528180 60
528196 60
528207 60
528224 60
528237 60
528267 60
528282 60
528283 60
528288 60
528293 60
528644 60
528690 60
528794 60
528929 60
528932 60
528947 60
528990 60
529059 60
529069 60
529073 60
529113 60
529114 60
529128 60
529141 60
529189 60
529199 60
529207 60
529348 60
529406 60
529416 60
529419 60
529426 60
529440 60
529442 60
529501 60
529581 60
529633 60
529649 60
529652 60
529655 60
529657 60
529661 60
529737 60
529769 60
529847 60
530021 60
530027 60
530053 60
530088 60
530090 60
530105 60
530112 60
530314 60
530328 60
530406 60
530566 60
530593 60
530616 60
530634 60
530750 60
530753 60
530754 60
530781 60
530842 60
530883 60
530893 60
530930 60
530967 60
531039 60
531042 60
531051 60
531128 60
531130 60
531283 60
531344 60
531357 60
531365 60
531368 60
531369 60
531378 60
531379 60
531382 60
531390 60
531401 60
531728 60
531734 60
531836 60
531945 60
531962 60
531970 60
532106 60
532191 60
532210 60
532292 60
532322 60
532579 60
532584 60
532600 60
532650 60
532654 60
532657 60
532689 60
532702 60
532708 60
532729 60
532731 60
532774 60
532780 60
532872 60
532908 60
532971 60
532983 60
532991 60
533170 60
533218 60
533242 60
533286 60
533393 60
533398 60
533446 60
533450 60
533490 60
533514 60
533523 60
533530 60
533537 60
533580 60
533602 60
533604 60
533719 60
533737 60
533746 60
533880 60
533900 60
533980 60
534047 60
534073 60
534124 60
534245 60
534376 60
534377 60
534411 60
534422 60
534464 60
534616 60
534621 60
534632 60
534693 60
534757 60
534797 60
534882 60
534894 60
534939 60
534981 60
535101 60
535117 60
535127 60
535238 60
535339 60
535382 60
535428 60
535439 60
535453 60
535459 60
535467 60
535468 60
535471 60
535480 60
535484 60
535492 60
535495 60
535545 60
535641 60
535661 60
535697 60
535725 60
535731 60
535767 60
535769 60
535779 60
535795 60
535839 60
535853 60
535893 60
535931 60
535972 60
535983 60
535997 60
536028 60
536032 60
536046 60
536256 60
536346 60
536382 60
536537 60
536563 60
536676 60
536688 60
536711 60
536761 60
536772 60
536905 60
536932 60
536938 60
537006 60
537025 60
537031 60
537035 60
537082 60
537151 60
537264 60
537356 60
537864 60
537883 60
537897 60
537945 60
538015 60
538061 60
538100 60
538126 60
538128 60
538162 60
538337 60
538481 60
538484 60
538507 60
538511 60
538565 60
538567 60
538588 60
538601 60
538620 60
538632 60
538697 60
538699 60
538735 60
538760 60
538771 60
538774 60
538997 60
539024 60
539051 60
539057 60
539069 60
539091 60
539125 60
539127 60
539167 60
539176 60
539302 60
539317 60
539384 60
539388 60
539692 60
539789 60
539796 60
539874 60
539879 60
539886 60
539923 60
539991 60
540020 60
540030 60
540074 60
540160 60
540228 60
540252 60
540277 60
540292 60
540299 60
540325 60
540383 60
540424 60
540441 60
540443 60
540463 60
540477 60
540481 60
540678 60
540690 60
540720 60
540722 60
540733 60
540735 60
540741 60
540766 60
540792 60
540796 60
540806 60
540831 60
540875 60
540899 60
541135 60
541155 60
541158 60
541188 60
541203 60
541231 60
541277 60
541294 60
541357 60
541621 60
541656 60
541689 60
541694 60
541706 60
541709 60
541750 60
541751 60
541786 60
541802 60
541808 60
541831 60
541840 60
541898 60
541914 60
542180 60
542185 60
542193 60
542274 60
542292 60
542293 60
542304 60
542308 60
542313 60
542320 60
542385 60
542449 60
542472 60
542485 60
542522 60
542678 60
542681 60
542718 60
542752 60
542808 60
542813 60
542828 60
542926 60
543069 60
543159 60
543163 60
543340 60
543355 60
543366 60
543372 60
543427 60
543453 60
543462 60
543482 60
543558 60
543563 60
543692 60
543718 60
543797 60
543807 60
543845 60
543872 60
543895 60
543896 60
544045 60
544055 60
544081 60
544111 60
544131 60
544143 60
544445 60
544477 60
544794 60
544890 60
544893 60
544930 60
544947 60
544951 60
544953 60
544957 60
545051 60
545063 60
545070 60
545075 60
545177 60
545220 60
545233 60
545234 60
545239 60
545248 60
545257 60
545282 60
545286 60
545293 60
545312 60
545346 60
545448 60
545529 60
545538 60
545541 60
545643 60
545653 60
545674 60
545718 60
545719 60
545770 60
545833 60
545868 60
545884 60
545885 60
545898 60
545971 60
545972 60
545990 60
546018 60
546038 60
546045 60
546089 60
546123 60
546131 60
546132 60
546135 60
546137 60
546187 60
546190 60
546204 60
546551 60
546622 60
546691 60
546754 60
546757 60
546868 60
546959 60
546975 60
547071 60
547110 60
547117 60
547118 60
547155 60
547165 60
547175 60
547176 60
547185 60
547189 60
547206 60
547210 60
547223 60
547260 60
547310 60
550617 60
551192 60
551371 60
551418 60
551510 60
551585 60
552046 60
552102 60
552301 60
552409 60
552514 60
552597 60
553575 60
553597 60
553629 60
553662 60
553909 60
554094 60
554102 60
554182 60
554535 60
554685 60
555050 60
555768 60
555833 60
555851 60
555927 60
555930 60
556442 60
556456 60
556615 60
556698 60
556883 60
556970 60
557288 60
557450 60
557736 60
557741 60
558064 60
558150 60
558310 60
558528 60
558556 60
558660 60
558724 60
558725 60
558782 60
558788 60
558999 60
559011 60
559013 60
559119 60
559352 60
559394 60
559514 60
559804 60
560044 60
560141 60
560456 60
560582 60
560586 60
560687 60
560772 60
560846 60
560891 60
560926 60
560964 60
561002 60
561028 60
561094 60
561099 60
561309 60
561337 60
561454 60
561648 60
561657 60
561761 60
561824 60
561994 60
562259 60
562313 60
562329 60
562353 60
562391 60
562680 60
562949 60
562963 60
563058 60
563589 60
563631 60
563811 60
563818 60
564013 60
564060 60
564487 60
564569 60
564963 60
565392 60
565451 60
565493 60
565692 60
565710 60
565784 60
565865 60
565868 60
566004 60
566507 60
566707 60
566769 60
566867 60
566892 60
567495 60
567668 60
567672 60
568114 60
568365 60
569763 60
569766 60
570028 60
570319 60
570328 60
570360 60
570416 60
570420 60
570568 60
570895 60
570945 60
571514 60
571784 60
571977 60
572059 60
572192 60
572230 60
572392 60
572421 60
572423 60
572429 60
572474 60
572483 60
572576 60
574012 60
574018 60
574023 60
574058 60
574493 60
575045 60
575186 60
575291 60
575347 60
575681 60
575697 60
576176 60
576216 60
576495 60
576503 60
576683 60
576758 60
576787 60
576906 60
576921 60
576934 60
577019 60
577056 60
577073 60
577087 60
577567 60
577584 60
577633 60
577637 60
577889 60
577966 60
578122 60
578126 60
578127 60
578423 60
578428 60
578435 60
578613 60
578722 60
578775 60
578883 60
578925 60
579262 60
579570 60
579704 60
579761 60
579902 60
580261 60
580420 60
580480 60
580582 60
580623 60
580682 60
580862 60
580882 60
581969 60
582273 60
583002 60
583401 60
583802 60
583817 60
583993 60
584232 60
584397 60
584463 60
584580 60
584687 60
584702 60
584963 60
585039 60
585042 60
585062 60
585066 60
585190 60
585250 60
585261 60
585309 60
585362 60
585368 60
585374 60
585454 60
585593 60
585635 60
585655 60
585771 60
585888 60
585903 60
586048 60
586053 60
586081 60
586159 60
586284 60
586449 60
586546 60
586665 60
586666 60
586920 60
587038 60
587049 60
587248 60
587391 60
587401 60
587436 60
587438 60
587478 60
587495 60
587764 60
588189 60
588222 60
588469 60
588567 60
589106 60
591411 60
591544 60
591574 60
591605 60
591688 60
591955 60
592005 60
592041 60
592118 60
592188 60
592192 60
592227 60
592546 60
592639 60
592731 60
592767 60
593648 60
593715 60
593738 60
593803 60
594142 60
594160 60
594262 60
594375 60
594800 60
594825 60
594949 60
595309 60
595414 60
595452 60
595521 60
595523 60
595641 60
595690 60
595894 60
595912 60
595914 60
595983 60
596032 60
596072 60
596087 60
596227 60
596613 60
596685 60
596919 60
596927 60
596936 60
597319 60
597322 60
597360 60
597705 60
599157 60
599509 60
600836 60
601963 60
602069 60
602090 60
602135 60
604021 60
604786 60
604810 60
605101 60
605181 60
605370 60
605383 60
605403 60
605936 60
605941 60
606018 60
606091 60
606098 60
606172 60
606331 60
606408 60
606673 60
606690 60
606705 60
606869 60
607193 60
607313 60
607957 60
607977 60
607978 60
608390 60
608730 60
608740 60
609418 60
609421 60
609564 60
609576 60
609781 60
609960 60
610143 60
610514 60
610580 60
610592 60
610593 60
610647 60
610966 60
611074 60
611209 60
611271 60
611404 60
611466 60
611619 60
611624 60
611664 60
611842 60
611869 60
612023 60
612349 60
612376 60
612399 60
612484 60
613042 60
613419 60
613434 60
613466 60
613603 60
613739 60
613890 60
614041 60
614048 60
614050 60
614266 60
614450 60
614562 60
614566 60
614576 60
614669 60
614730 60
614756 60
614857 60
614860 60
614986 60
615013 60
615018 60
615028 60
615157 60
615184 60
615196 60
615213 60
615233 60
615245 60
615259 60
616026 60
616029 60
616068 60
616418 60
616947 60
616949 60
617106 60
617127 60
617164 60
617212 60
617720 60
617728 60
617743 60
618122 60
618164 60
618240 60
618259 60
618445 60
619390 60
619497 60
620699 60
620810 60
620856 60
620975 60
621100 60
621129 60
621203 60
622086 60
622087 60
622272 60
622568 60
622603 60
622659 60
622747 60
623635 60
623855 60
624487 60
624563 60
624952 60
624954 60
625000 60
625086 60
625151 60
625262 60
627171 60
627541 60
627630 60
628352 60
628480 60
628984 60
629144 60
629369 60
629606 60
629765 60
629795 60
630001 60
630022 60
630029 60
630052 60
630055 60
630076 60
630084 60
630103 60
630119 60
630140 60
630143 60
630159 60
630168 60
630176 60
630207 60
630212 60
630371 60
630418 60
630421 60
630429 60
630780 60
631233 60
632435 60
632573 60
634305 60
634316 60
634318 60
634442 60
634503 60
634505 60
634736 60
634740 60
634749 60
634768 60
634876 60
634888 60
634994 60
635495 60
635509 60
637453 60
640002 60
641322 60
641487 60
645202 60
648586 60
649747 60
649995 60
650084 60
650162 60
650522 60
650783 60
654782 60
656666 60
656903 60
657502 60
658363 60
659362 60
668043 60
669002 60
669453 60
672169 60
676482 60
678042 60
678483 60
680007 60
680743 60
680822 60
688962 60
689643 60
690822 60
694862 60
698963 60
699922 60
701222 60
701602 60
702182 60
702622 60
703142 60
709682 60
711564 60
711592 60
711795 60
711850 60
711915 60
712493 60
712504 60
712651 60
712674 60
712781 60
712783 60
712849 60
713239 60
713765 60
713910 60
714185 60
714307 60
714463 60
715150 60
716844 60
716901 60
716905 60
716990 60
717113 60
717135 60
717340 60
717855 60
717856 60
718758 60
719009 60
720711 60
721016 60
725309 60
725502 60
