214067 100
502039 620
502097 620
502141 620
502645 620
503034 620
503351 620
503843 620
503925 620
504158 620
505054 620
505065 620
505272 620
506460 620
506582 620
508218 620
508768 620
509230 620
509410 620
509511 620
509905 620
510231 620
510949 620
511037 620
511248 620
511290 620
511293 620
511349 620
511453 620
512035 620
512453 620
512758 620
512791 620
512867 620
512970 620
513170 620
513452 620
513622 620
513666 620
513882 620
514018 620
515089 620
515429 620
515708 620
517240 620
517257 620
517360 620
517437 620
517777 620
518371 620
518566 620
518663 620
518864 620
519154 620
519172 620
519660 620
519888 620
520473 620
520932 620
522378 620
522386 620
522401 620
522498 620
523284 620
523512 620
523979 620
524109 620
524292 620
524550 620
524734 620
525017 620
525021 620
525545 620
526097 620
526526 620
528197 620
529048 620
529413 620
529444 620
529867 620
530273 620
530529 620
530608 620
531781 620
531835 620
531942 620
531947 620
532027 620
532311 620
532333 620
532567 620
532789 620
532831 620
533169 620
533188 620
533270 620
534036 620
534397 620
534889 620
535243 620
535469 620
535897 620
536184 620
536359 620
536614 620
536724 620
537888 620
538436 620
538470 620
538546 620
538687 620
538819 620
538847 620
539752 620
539989 620
540400 620
540647 620
541147 620
541628 620
541675 620
541755 620
542184 620
542230 620
542239 620
542371 620
542499 620
542669 620
542804 620
542999 620
543693 620
543716 620
543846 620
543859 620
544019 620
544163 620
544232 620
545122 620
545601 620
545616 620
545798 620
545937 620
545939 620
545973 620
546005 620
546290 620
546921 620
546983 620
546998 620
547102 620
547173 620
547221 620
551768 620
552014 620
552439 620
554005 620
555139 620
557485 620
558436 620
559027 620
559516 620
560176 620
560614 620
565989 620
566496 620
567144 620
570458 620
571312 620
571702 620
572049 620
572068 620
575041 620
575220 620
575227 620
576551 620
576994 620
577573 620
580343 620
580735 620
585477 620
587063 620
591363 620
591648 620
592760 620
596742 620
597707 620
606239 620
606422 620
607317 620
609176 620
610135 620
612409 620
613052 620
613546 620
614065 620
614069 620
614957 620
615509 620
615549 620
618152 620
626690 620
629147 620
631808 620
637185 620
650024 620
650047 620
651002 620
656172 620
658102 620
658364 620
674923 620
675902 620
677085 620
688725 620
697522 620
712012 620
712053 620
712195 620
712413 620
712626 620
712940 620
713076 620
713317 620
713587 620
713790 620
717952 620
718947 620
720751 620
721591 620
721786 620
721975 620
722491 620
722534 620
724791 620
725040 620
726077 620
726817 620
726986 620
727244 620
727418 620
728116 620
503604 600
523020 600
526338 600
531349 600
533106 600
534683 600
535504 600
541060 600
543350 600
545956 600
551546 600
554860 600
579540 600
596478 600
615156 600
716153 600
508221 580
514119 580
522357 580
529115 580
540660 580
542520 580
547320 580
575087 580
575332 580
689062 580
720247 580
725083 580
516104 560
516604 560
534275 560
535658 560
538400 560
545955 560
587632 560
634406 560
715187 560
503813 540
512783 540
518552 540
529166 540
532610 540
534313 540
542153 540
544854 540
545241 540
545454 540
571856 540
576457 540
605630 540
613547 540
628128 540
712131 540
716673 540
717910 540
518182 520
522090 520
525399 520
534368 520
534392 520
534496 520
536406 520
540250 520
543202 520
546589 520
562588 520
563632 520
564369 520
567779 520
595916 520
599021 520
502242 500
507521 500
508379 500
514214 500
518150 500
520091 500
528192 500
532543 500
533078 500
536604 500
537001 500
543404 500
544706 500
545142 500
545726 500
545957 500
608742 500
634277 500
676907 500
505509 480
509598 480
513001 480
515572 480
517135 480
525067 480
525727 480
530256 480
532209 480
535518 480
536260 480
536589 480
538407 480
539584 480
558873 480
575170 480
579621 480
611249 480
613582 480
504117 460
506007 460
507400 460
514191 460
519256 460
525025 460
530113 460
530881 460
535212 460
535749 460
539865 460
541457 460
544011 460
544895 460
545345 460
545823 460
545997 460
546169 460
550694 460
557214 460
571083 460
572543 460
588057 460
710182 460
721818 460
503622 440
518815 440
524185 440
533427 440
536876 440
540638 440
542532 440
546326 440
547263 440
550770 440
680246 440
503822 420
508489 420
510673 420
511617 420
516134 420
518717 420
524468 420
529392 420
530084 420
530394 420
530831 420
536934 420
538191 420
538336 420
539041 420
541624 420
542294 420
542796 420
543225 420
543416 420
544791 420
544967 420
545785 420
557604 420
563994 420
583321 420
587617 420
592818 420
621191 420
625724 420
629143 420
676904 420
712379 420
726846 420
502658 400
505446 400
505665 400
507231 400
507337 400
507728 400
509335 400
509426 400
512884 400
514127 400
514384 400
514736 400
517051 400
518135 400
521118 400
528793 400
529259 400
532807 400
535512 400
535552 400
539716 400
540756 400
541304 400
542155 400
542283 400
545636 400
546919 400
546966 400
547182 400
553554 400
561269 400
571883 400
572057 400
585125 400
596263 400
707482 400
716786 400
725496 400
502161 380
502607 380
510486 380
511018 380
512815 380
516090 380
518104 380
520708 380
522542 380
522840 380
523607 380
523870 380
529250 380
530610 380
531969 380
533109 380
535493 380
536209 380
536585 380
540422 380
540507 380
542176 380
542383 380
544296 380
544399 380
545999 380
553780 380
555726 380
560493 380
563507 380
569335 380
579507 380
585302 380
586195 380
611107 380
615550 380
678303 380
680282 380
712428 380
718562 380
504942 360
514482 360
514685 360
519744 360
520862 360
522945 360
523318 360
526536 360
528902 360
530213 360
539380 360
539681 360
540114 360
540472 360
540516 360
541266 360
541474 360
541727 360
541736 360
542434 360
542503 360
542606 360
542975 360
544246 360
545678 360
546979 360
554716 360
555483 360
562691 360
576376 360
586005 360
594255 360
594508 360
617237 360
634590 360
680622 360
716988 360
501997 340
503752 340
504288 340
510618 340
511232 340
512766 340
517050 340
518287 340
518437 340
518872 340
518893 340
519848 340
521068 340
522276 340
524887 340
525736 340
531977 340
532008 340
532383 340
532562 340
532653 340
533089 340
533621 340
535541 340
536517 340
536602 340
538519 340
540595 340
541769 340
542162 340
542345 340
542497 340
543192 340
544196 340
546618 340
546859 340
546881 340
546908 340
547262 340
553166 340
555788 340
558695 340
559106 340
571125 340
571842 340
580625 340
587993 340
592720 340
609167 340
610666 340
613788 340
618433 340
626645 340
713532 340
505882 320
508484 320
512838 320
514098 320
517387 320
518213 320
518689 320
519496 320
520258 320
520866 320
520910 320
521046 320
522140 320
523346 320
524648 320
526238 320
526371 320
529260 320
531080 320
532241 320
532281 320
532531 320
533531 320
533796 320
534325 320
534998 320
535010 320
535497 320
535579 320
535969 320
536490 320
537467 320
540201 320
540539 320
541427 320
541671 320
541712 320
542672 320
542675 320
542989 320
543269 320
543703 320
544468 320
545069 320
545126 320
545170 320
545322 320
545688 320
546106 320
546178 320
551596 320
552792 320
554863 320
562241 320
564582 320
564652 320
567706 320
572518 320
576179 320
579721 320
593841 320
594634 320
608997 320
612982 320
656723 320
678502 320
502261 300
502622 300
504947 300
505091 300
505152 300
506104 300
506915 300
510776 300
513092 300
517623 300
518449 300
518585 300
518808 300
520225 300
520489 300
521115 300
522895 300
523329 300
531705 300
532004 300
532304 300
532330 300
532941 300
533703 300
534816 300
534880 300
535328 300
535443 300
535559 300
536595 300
536612 300
536800 300
537498 300
538877 300
540123 300
540237 300
540830 300
541256 300
542168 300
542579 300
543491 300
544012 300
544774 300
545518 300
546327 300
546678 300
546799 300
547294 300
547379 300
550781 300
554713 300
557938 300
558283 300
561732 300
562922 300
571618 300
582224 300
584161 300
585286 300
592723 300
594125 300
594595 300
595141 300
609589 300
610659 300
615350 300
699362 300
503342 280
506140 280
508236 280
512877 280
513968 280
514040 280
514066 280
515788 280
517399 280
518583 280
519997 280
521837 280
522081 280
523734 280
524706 280
525531 280
525536 280
527078 280
527738 280
528034 280
529034 280
529041 280
530041 280
530574 280
532709 280
533102 280
533219 280
535093 280
535479 280
535532 280
535720 280
535986 280
536730 280
536928 280
538670 280
538862 280
538888 280
539086 280
540005 280
540168 280
540361 280
540635 280
540664 280
541109 280
541189 280
541285 280
541564 280
541663 280
542392 280
542705 280
543407 280
543466 280
544071 280
544576 280
544661 280
544769 280
545124 280
545127 280
545216 280
545597 280
545948 280
546740 280
547006 280
547264 280
551406 280
551466 280
571682 280
590249 280
594239 280
597709 280
606889 280
607962 280
611642 280
614486 280
618012 280
624415 280
625186 280
630166 280
651506 280
703264 280
502619 260
502960 260
505514 260
508480 260
511465 260
511497 260
511523 260
512756 260
512866 260
516071 260
516133 260
518465 260
518846 260
519240 260
519946 260
520793 260
520873 260
521503 260
522348 260
522562 260
523547 260
523909 260
525779 260
527171 260
527804 260
528071 260
529990 260
531254 260
531885 260
531999 260
532666 260
532672 260
533129 260
534830 260
535178 260
535446 260
536061 260
536207 260
536785 260
536911 260
536925 260
537841 260
539031 260
539155 260
540211 260
540318 260
540369 260
540524 260
541205 260
541532 260
541631 260
541845 260
542150 260
542159 260
542357 260
542473 260
542528 260
542561 260
542628 260
542634 260
542645 260
542765 260
542960 260
542981 260
542987 260
543785 260
544285 260
544450 260
544452 260
544562 260
544605 260
544738 260
544780 260
544796 260
545066 260
545591 260
545689 260
547212 260
551394 260
553562 260
555494 260
559060 260
559445 260
563275 260
564713 260
566644 260
570942 260
575281 260
579085 260
587170 260
587226 260
587534 260
589766 260
592712 260
594455 260
599010 260
602005 260
611062 260
613523 260
614623 260
615547 260
617736 260
621205 260
648548 260
709722 260
712015 260
712136 260
714137 260
727646 260
502017 240
502151 240
503617 240
503706 240
504071 240
504121 240
504861 240
505751 240
505930 240
506002 240
506386 240
508258 240
509711 240
510645 240
512806 240
512890 240
513545 240
514074 240
514321 240
516070 240
517612 240
517715 240
518702 240
518726 240
518863 240
518880 240
519446 240
520813 240
521051 240
522022 240
522975 240
525537 240
525602 240
526551 240
527665 240
527911 240
528800 240
529010 240
529019 240
529159 240
529507 240
530218 240
531167 240
532496 240
532498 240
532536 240
533083 240
533182 240
534426 240
534519 240
534890 240
534965 240
535069 240
535300 240
535340 240
535372 240
535490 240
536351 240
536503 240
536613 240
537440 240
538209 240
538913 240
539400 240
539884 240
540070 240
540089 240
540205 240
540377 240
540677 240
541386 240
541391 240
541419 240
542163 240
542206 240
542375 240
542462 240
542587 240
543280 240
543374 240
543643 240
544282 240
544685 240
544868 240
545119 240
545253 240
545474 240
545586 240
545751 240
546609 240
547101 240
547217 240
556291 240
557813 240
560330 240
560598 240
565780 240
567636 240
572919 240
576715 240
581246 240
584525 240
585367 240
585542 240
586017 240
587945 240
588747 240
590701 240
592838 240
593873 240
594181 240
596179 240
596768 240
604776 240
606247 240
610423 240
615224 240
623205 240
625192 240
625666 240
627570 240
628840 240
629963 240
665482 240
668282 240
706582 240
712076 240
712259 240
715018 240
719612 240
502764 220
502769 220
505526 220
505599 220
505679 220
506121 220
506128 220
507671 220
508451 220
508453 220
508941 220
509108 220
509401 220
509459 220
509668 220
509799 220
509991 220
510003 220
511614 220
511889 220
512863 220
512990 220
513488 220
513859 220
513910 220
514084 220
514706 220
514768 220
516009 220
517719 220
518098 220
518159 220
518179 220
518184 220
518212 220
518424 220
518562 220
519026 220
519163 220
519382 220
521455 220
521515 220
521820 220
522153 220
522592 220
523519 220
525294 220
525508 220
525773 220
526446 220
526616 220
527606 220
529003 220
529786 220
530347 220
530553 220
531790 220
532576 220
532656 220
532724 220
533162 220
533607 220
534447 220
534580 220
534714 220
535488 220
536438 220
537637 220
537863 220
538071 220
538777 220
539008 220
540039 220
540093 220
540138 220
540157 220
540620 220
540712 220
540728 220
540864 220
541625 220
541680 220
541833 220
541872 220
542156 220
542252 220
542258 220
542883 220
543446 220
543485 220
543489 220
545277 220
545352 220
545535 220
545632 220
545682 220
545837 220
546112 220
546332 220
546914 220
547171 220
547232 220
550640 220
551554 220
554762 220
554870 220
556726 220
556788 220
567882 220
569633 220
570337 220
570474 220
571687 220
571816 220
577616 220
578774 220
578963 220
581108 220
583242 220
584543 220
586803 220
587443 220
587628 220
588108 220
588447 220
591492 220
592484 220
594069 220
595150 220
596611 220
611202 220
611881 220
615220 220
625004 220
630416 220
632023 220
632827 220
634385 220
668422 220
703202 220
711674 220
722139 220
501911 200
501991 200
502496 200
502635 200
502793 200
503713 200
503720 200
504662 200
505150 200
505171 200
505589 200
505806 200
505825 200
507374 200
507872 200
508434 200
508446 200
509608 200
509963 200
510107 200
510362 200
512684 200
512703 200
512966 200
513286 200
514121 200
514200 200
514690 200
515358 200
515813 200
515872 200
516113 200
516431 200
517424 200
517442 200
517491 200
517772 200
518113 200
520045 200
520145 200
520608 200
520674 200
520741 200
521039 200
521295 200
521323 200
521457 200
521495 200
521522 200
521539 200
522223 200
522481 200
522618 200
522905 200
523986 200
525270 200
525611 200
525664 200
525818 200
526155 200
526618 200
526743 200
526827 200
527722 200
527771 200
527803 200
528742 200
528749 200
528790 200
529369 200
529452 200
529519 200
529983 200
530176 200
530201 200
530226 200
530242 200
530350 200
530518 200
530828 200
532089 200
532596 200
532746 200
532832 200
533166 200
533176 200
533413 200
533478 200
533637 200
533688 200
534001 200
534399 200
534404 200
534739 200
535134 200
535220 200
535440 200
535563 200
535706 200
535988 200
536019 200
536239 200
536243 200
536371 200
536618 200
536930 200
537092 200
538486 200
538571 200
538723 200
538907 200
538959 200
539755 200
539965 200
539977 200
540049 200
540220 200
540337 200
540813 200
540876 200
541636 200
541710 200
541784 200
541803 200
541847 200
542172 200
542254 200
542328 200
542364 200
542370 200
542568 200
542582 200
542613 200
542637 200
542771 200
542823 200
542895 200
543251 200
543266 200
543373 200
543383 200
543396 200
544144 200
544436 200
544607 200
544786 200
545082 200
545206 200
545224 200
545317 200
545489 200
545610 200
545641 200
545708 200
545815 200
545897 200
545963 200
546004 200
546139 200
546173 200
546299 200
546725 200
547147 200
547192 200
547240 200
551674 200
552018 200
552422 200
553898 200
554019 200
554814 200
556298 200
556921 200
558070 200
558840 200
559093 200
559724 200
560522 200
562124 200
562828 200
566668 200
568700 200
568934 200
570432 200
570995 200
571681 200
572502 200
572562 200
576416 200
576428 200
576538 200
576768 200
576915 200
577963 200
579088 200
580889 200
584201 200
584222 200
584745 200
585228 200
585526 200
585664 200
586341 200
588743 200
592736 200
596190 200
605100 200
606071 200
606193 200
606277 200
606346 200
606729 200
607999 200
608385 200
609485 200
611080 200
613550 200
613789 200
614194 200
614707 200
615186 200
615349 200
615510 200
617195 200
624538 200
627207 200
629973 200
630105 200
631745 200
634900 200
658602 200
717011 200
717652 200
722208 200
502934 180
503872 180
503902 180
505003 180
505340 180
505496 180
505519 180
505586 180
505607 180
505772 180
505829 180
506078 180
507031 180
507331 180
507338 180
507357 180
507371 180
507970 180
508129 180
508468 180
509196 180
509556 180
509800 180
510308 180
511071 180
511624 180
512841 180
513165 180
513259 180
513960 180
514005 180
514092 180
514788 180
514972 180
514990 180
515874 180
515913 180
516068 180
516119 180
517597 180
517850 180
518483 180
518491 180
518527 180
518605 180
518691 180
518715 180
519405 180
519480 180
519879 180
520110 180
521144 180
521550 180
521605 180
522478 180
522547 180
522571 180
522633 180
522826 180
522904 180
523235 180
523999 180
524204 180
524676 180
525073 180
525254 180
525804 180
525833 180
525835 180
525885 180
525933 180
526093 180
526170 180
526334 180
526737 180
527151 180
527278 180
527340 180
527438 180
527454 180
527528 180
527692 180
527706 180
527746 180
527815 180
528611 180
529063 180
529097 180
529129 180
529229 180
529231 180
529327 180
529342 180
529459 180
530844 180
531931 180
532445 180
532468 180
532637 180
532769 180
532869 180
533091 180
533360 180
533374 180
533554 180
533626 180
533669 180
533804 180
533983 180
534029 180
534221 180
534279 180
534333 180
534495 180
534769 180
534944 180
535221 180
535346 180
535385 180
535438 180
536531 180
536706 180
536908 180
536913 180
537277 180
537480 180
537872 180
538201 180
538325 180
538477 180
538944 180
539062 180
539395 180
539685 180
539948 180
540006 180
540099 180
540143 180
540208 180
540238 180
540454 180
540541 180
540672 180
540718 180
540751 180
540768 180
541043 180
541094 180
541232 180
541397 180
541558 180
541720 180
541766 180
542170 180
542190 180
542440 180
542459 180
542476 180
542484 180
542563 180
542565 180
542569 180
542692 180
543243 180
543252 180
543335 180
543803 180
543821 180
544022 180
544121 180
544175 180
544292 180
544619 180
544753 180
544784 180
544918 180
544942 180
545067 180
545073 180
545155 180
545189 180
545329 180
545570 180
545694 180
545755 180
545773 180
545875 180
545889 180
545894 180
545934 180
546044 180
546210 180
546249 180
546283 180
546284 180
546302 180
546310 180
546693 180
546794 180
546974 180
547002 180
550693 180
551635 180
552073 180
552078 180
554044 180
554264 180
557983 180
558654 180
558779 180
559711 180
560895 180
563291 180
563399 180
563690 180
563724 180
565523 180
569688 180
570425 180
570481 180
571046 180
571280 180
571819 180
572063 180
572257 180
572276 180
572278 180
572322 180
572334 180
574537 180
575760 180
578157 180
578265 180
578999 180
579753 180
580148 180
583422 180
584802 180
584954 180
585768 180
585783 180
585988 180
586301 180
587381 180
587514 180
589726 180
591328 180
591347 180
591790 180
591986 180
593634 180
593719 180
595986 180
596200 180
596825 180
599624 180
600464 180
601928 180
606392 180
606702 180
608722 180
609190 180
609952 180
615010 180
615021 180
617120 180
617208 180
618675 180
623177 180
625053 180
625348 180
626656 180
629169 180
630213 180
632453 180
632616 180
632696 180
634313 180
651985 180
677422 180
681807 180
683090 180
689822 180
712598 180
712724 180
713994 180
501800 160
502142 160
502197 160
502430 160
502686 160
502815 160
502985 160
503011 160
504555 160
504671 160
504743 160
504785 160
504950 160
504968 160
505073 160
505194 160
505603 160
505671 160
505911 160
506125 160
507240 160
507265 160
507334 160
507358 160
507393 160
507612 160
507748 160
507921 160
509434 160
509716 160
509718 160
509762 160
510207 160
510404 160
510631 160
510687 160
510936 160
511323 160
511477 160
511885 160
512854 160
512975 160
513517 160
513645 160
513822 160
514017 160
514041 160
514055 160
514087 160
514111 160
514114 160
514309 160
514417 160
514582 160
514665 160
514798 160
514997 160
515446 160
515741 160
516129 160
516141 160
516398 160
516444 160
517175 160
517589 160
517700 160
517840 160
517934 160
518068 160
518119 160
518146 160
518318 160
518561 160
518595 160
518735 160
518779 160
518835 160
519000 160
519011 160
519204 160
519764 160
520025 160
520041 160
520727 160
520920 160
521336 160
521482 160
521707 160
522184 160
522191 160
522580 160
522639 160
522863 160
523468 160
523500 160
524472 160
524779 160
524924 160
524948 160
525123 160
525347 160
525360 160
525432 160
525517 160
525652 160
525671 160
525908 160
525909 160
525998 160
526439 160
526518 160
526630 160
527194 160
527224 160
527270 160
527315 160
527394 160
527413 160
527507 160
527805 160
528517 160
528762 160
528769 160
528998 160
529006 160
529031 160
529054 160
529164 160
529509 160
529664 160
529813 160
529823 160
529932 160
530199 160
530344 160
530503 160
530523 160
531062 160
531281 160
531356 160
531893 160
532179 160
532548 160
532578 160
532627 160
532642 160
532712 160
532773 160
532810 160
533172 160
533365 160
533441 160
533781 160
533898 160
534018 160
534358 160
534456 160
534738 160
534895 160
534897 160
535118 160
535156 160
535237 160
535344 160
535572 160
536180 160
536404 160
536570 160
536577 160
536610 160
536959 160
537366 160
537964 160
537973 160
538333 160
538354 160
538626 160
538714 160
538857 160
538900 160
539156 160
539197 160
539711 160
539928 160
539992 160
540040 160
540259 160
540275 160
540310 160
540328 160
540447 160
540467 160
540492 160
540596 160
540702 160
540703 160
540708 160
540820 160
540873 160
541145 160
541168 160
541208 160
541252 160
541262 160
541272 160
541308 160
541390 160
541471 160
541659 160
541775 160
541793 160
541824 160
541883 160
541913 160
542165 160
542368 160
542430 160
542524 160
542607 160
542636 160
542667 160
542727 160
542738 160
542755 160
542779 160
542819 160
542977 160
543160 160
543166 160
543174 160
543254 160
543274 160
543283 160
543338 160
543474 160
543499 160
543544 160
543559 160
543892 160
544115 160
544117 160
544124 160
544207 160
544252 160
544517 160
544524 160
544534 160
544556 160
544567 160
544688 160
544739 160
544847 160
544935 160
544943 160
545089 160
545113 160
545118 160
545131 160
545151 160
545209 160
545332 160
545513 160
545559 160
545595 160
545606 160
545627 160
545685 160
545693 160
545765 160
545767 160
545771 160
545780 160
546039 160
546165 160
546180 160
546306 160
547177 160
547218 160
547220 160
550586 160
551092 160
551831 160
552365 160
552714 160
553795 160
554816 160
554877 160
554885 160
556179 160
556297 160
556586 160
556760 160
557441 160
557590 160
557639 160
558137 160
559113 160
559452 160
560540 160
560967 160
563323 160
564047 160
564410 160
564910 160
570346 160
570485 160
570957 160
571013 160
571611 160
571613 160
571814 160
571885 160
572279 160
572470 160
574065 160
574961 160
577137 160
577619 160
577632 160
578109 160
578785 160
580348 160
583627 160
584084 160
584257 160
584318 160
584385 160
584571 160
584905 160
584944 160
585063 160
585320 160
585338 160
585463 160
585508 160
585648 160
586199 160
586682 160
587393 160
587760 160
588689 160
592135 160
592223 160
592337 160
592552 160
592640 160
592785 160
593652 160
595393 160
595487 160
595644 160
595900 160
596698 160
601575 160
602047 160
602594 160
604380 160
604764 160
606955 160
607897 160
608008 160
608741 160
608991 160
609610 160
609748 160
610030 160
610892 160
612966 160
614788 160
615027 160
615973 160
617368 160
617850 160
618264 160
618448 160
619667 160
621130 160
622085 160
622094 160
624550 160
624791 160
625164 160
625256 160
626154 160
629009 160
629146 160
629196 160
630191 160
630941 160
631451 160
632828 160
634391 160
637562 160
650045 160
674056 160
680001 160
687685 160
711686 160
712265 160
714112 160
501890 140
501904 140
502232 140
502304 140
502412 140
502507 140
502881 140
502905 140
502939 140
503150 140
503630 140
504149 140
505099 140
505253 140
505293 140
505314 140
505419 140
505486 140
505580 140
505596 140
505625 140
506024 140
506538 140
506564 140
506760 140
507015 140
507631 140
508233 140
508277 140
508385 140
508427 140
509456 140
509681 140
509742 140
509832 140
510012 140
510049 140
510199 140
510224 140
510236 140
510407 140
511907 140
511908 140
512955 140
512977 140
513240 140
513463 140
513827 140
513856 140
514275 140
514347 140
514876 140
515041 140
516087 140
516088 140
516168 140
516377 140
516462 140
516463 140
517211 140
517315 140
517398 140
517436 140
517465 140
517730 140
517738 140
517743 140
517932 140
517982 140
518065 140
518153 140
518245 140
518611 140
518817 140
519024 140
519253 140
519263 140
519854 140
519932 140
520057 140
520777 140
520940 140
521410 140
521430 140
521475 140
521798 140
521814 140
521934 140
522033 140
522125 140
522171 140
522477 140
522532 140
522550 140
522758 140
522843 140
522849 140
522964 140
523238 140
523311 140
523421 140
523435 140
523446 140
523619 140
523800 140
523910 140
524444 140
524517 140
524725 140
524758 140
524953 140
525005 140
525131 140
525255 140
525272 140
525285 140
525670 140
525737 140
525763 140
525765 140
525807 140
525826 140
525952 140
526006 140
526374 140
526577 140
526578 140
526748 140
526888 140
526981 140
527020 140
527040 140
527102 140
527359 140
527778 140
527840 140
528053 140
528079 140
528094 140
528243 140
528629 140
528711 140
528798 140
528944 140
529020 140
529040 140
529067 140
529173 140
529190 140
529475 140
529776 140
530032 140
530329 140
530479 140
531049 140
531743 140
531948 140
531961 140
532003 140
532295 140
532365 140
532544 140
532552 140
532601 140
532649 140
532864 140
532880 140
532985 140
533004 140
533009 140
533202 140
533356 140
533465 140
533706 140
533744 140
533765 140
534137 140
534201 140
534219 140
534241 140
534264 140
534274 140
534451 140
534455 140
534514 140
534957 140
534991 140
535017 140
535155 140
535176 140
535323 140
535326 140
535389 140
535466 140
535481 140
535535 140
535548 140
535915 140
536588 140
536619 140
536777 140
536936 140
537063 140
537086 140
537088 140
537180 140
537444 140
537919 140
538218 140
538696 140
538785 140
538863 140
538919 140
538929 140
539064 140
539119 140
539134 140
539852 140
539888 140
540063 140
540130 140
540240 140
540249 140
540358 140
540363 140
540407 140
540430 140
540457 140
540471 140
540488 140
540528 140
540593 140
540612 140
540625 140
540654 140
540662 140
540665 140
540691 140
540713 140
540723 140
540800 140
541114 140
541279 140
541311 140
541332 140
541449 140
541649 140
541676 140
541754 140
541776 140
541789 140
541822 140
541899 140
542157 140
542195 140
542210 140
542215 140
542246 140
542297 140
542374 140
542388 140
542489 140
542496 140
542505 140
542572 140
542589 140
542608 140
542641 140
542648 140
542653 140
542665 140
542690 140
542965 140
543156 140
543229 140
543231 140
543239 140
543263 140
543281 140
543465 140
543480 140
543506 140
543739 140
543812 140
543864 140
544054 140
544182 140
544203 140
544212 140
544301 140
544659 140
544758 140
545071 140
545135 140
545196 140
545202 140
545207 140
545221 140
545261 140
545387 140
545463 140
545517 140
545547 140
545611 140
545744 140
545778 140
545822 140
545838 140
545881 140
545954 140
546015 140
546017 140
546093 140
546107 140
546109 140
546110 140
546130 140
546172 140
546184 140
546213 140
546294 140
546313 140
546683 140
546764 140
546991 140
547257 140
547266 140
550619 140
551190 140
551582 140
551636 140
551713 140
551940 140
552318 140
552997 140
553133 140
553254 140
553862 140
554784 140
554898 140
555647 140
556261 140
556833 140
557045 140
557369 140
557381 140
557436 140
558365 140
558670 140
558711 140
558965 140
559155 140
560608 140
563576 140
564014 140
564034 140
564538 140
564545 140
564839 140
565132 140
565619 140
566696 140
567529 140
569160 140
569883 140
570160 140
570280 140
570426 140
571557 140
571564 140
571820 140
572045 140
572481 140
572558 140
574014 140
574188 140
574793 140
575096 140
576656 140
576848 140
577617 140
577631 140
577929 140
578012 140
578019 140
578075 140
578086 140
578154 140
578765 140
578840 140
578889 140
578922 140
579763 140
580368 140
582400 140
584081 140
584164 140
585199 140
585249 140
585554 140
586023 140
586155 140
586180 140
588625 140
589379 140
591384 140
592329 140
592364 140
592516 140
592538 140
592715 140
593888 140
594795 140
595332 140
596209 140
596694 140
596950 140
597574 140
598236 140
602587 140
604900 140
605160 140
605392 140
606123 140
606332 140
607324 140
607432 140
608213 140
608883 140
609567 140
609575 140
609603 140
609874 140
611541 140
611667 140
612394 140
613035 140
613659 140
613707 140
614336 140
614493 140
615310 140
615466 140
616099 140
616574 140
617178 140
617201 140
617207 140
617427 140
617525 140
618035 140
618194 140
620535 140
620747 140
624963 140
625765 140
628112 140
628797 140
630100 140
630818 140
632329 140
634182 140
634358 140
635412 140
639462 140
656845 140
659183 140
660902 140
663902 140
669451 140
673626 140
700742 140
711751 140
712675 140
712888 140
712894 140
713407 140
714104 140
714364 140
716219 140
717254 140
718222 140
718640 140
501765 120
501769 120
501786 120
501868 120
502013 120
502032 120
502104 120
502187 120
502223 120
502411 120
502477 120
502483 120
502484 120
502542 120
502659 120
502711 120
502752 120
502901 120
502924 120
503105 120
503477 120
503568 120
503682 120
503801 120
504043 120
504114 120
504684 120
504713 120
504726 120
504731 120
504778 120
504920 120
504992 120
505142 120
505245 120
505261 120
505276 120
505282 120
505595 120
505687 120
505735 120
505761 120
505785 120
505874 120
505897 120
505975 120
506008 120
506031 120
506219 120
506593 120
506753 120
507343 120
507352 120
507356 120
507390 120
507896 120
508095 120
508096 120
508267 120
508287 120
508303 120
508358 120
508436 120
508452 120
509365 120
509414 120
509564 120
509603 120
509663 120
509672 120
509684 120
509699 120
509717 120
509738 120
509747 120
509751 120
509756 120
509786 120
509825 120
509838 120
509857 120
509867 120
509928 120
509972 120
510040 120
510047 120
510122 120
510129 120
510180 120
510289 120
510305 120
511004 120
511263 120
511276 120
511361 120
511422 120
511534 120
511552 120
511558 120
511597 120
511604 120
512041 120
512677 120
512702 120
512736 120
512788 120
512881 120
512897 120
512900 120
512931 120
512939 120
512980 120
513152 120
513153 120
513237 120
513281 120
513380 120
513396 120
513399 120
513401 120
513421 120
513430 120
513457 120
513476 120
513501 120
513538 120
513668 120
513732 120
513770 120
513792 120
513846 120
513884 120
513918 120
513923 120
513941 120
513969 120
513973 120
513995 120
513997 120
514000 120
514002 120
514062 120
514102 120
514120 120
514126 120
514148 120
514155 120
514163 120
514177 120
514323 120
514395 120
514430 120
514487 120
514616 120
514684 120
514688 120
514700 120
514715 120
514776 120
514777 120
514779 120
514890 120
514896 120
514967 120
515000 120
515006 120
515034 120
515347 120
515349 120
515457 120
515513 120
515524 120
515639 120
515785 120
515830 120
516081 120
516083 120
516094 120
516106 120
516124 120
516139 120
516147 120
516174 120
516208 120
516419 120
516453 120
516473 120
517128 120
517252 120
517425 120
517451 120
517477 120
517571 120
517600 120
517822 120
517835 120
517843 120
517873 120
517909 120
517913 120
517915 120
517942 120
517997 120
518047 120
518086 120
518121 120
518144 120
518170 120
518172 120
518174 120
518177 120
518186 120
518188 120
518218 120
518230 120
518263 120
518475 120
518490 120
518584 120
518621 120
518706 120
518722 120
518729 120
518784 120
518833 120
518834 120
518845 120
519052 120
519248 120
519269 120
519283 120
519330 120
519361 120
519394 120
519594 120
519731 120
519762 120
519794 120
519798 120
519825 120
519826 120
519853 120
519870 120
519927 120
520082 120
520184 120
520195 120
520263 120
520315 120
520383 120
520404 120
520440 120
520490 120
520682 120
520825 120
520833 120
520844 120
520914 120
521038 120
521055 120
521240 120
521266 120
521270 120
521290 120
521296 120
521313 120
521328 120
521424 120
521442 120
521499 120
521528 120
521562 120
521598 120
521611 120
521654 120
521701 120
521715 120
521734 120
521758 120
521783 120
521789 120
521969 120
522000 120
522017 120
522092 120
522217 120
522234 120
522269 120
522295 120
522346 120
522377 120
522444 120
522465 120
522471 120
522517 120
522557 120
522586 120
522677 120
522689 120
522704 120
522756 120
522781 120
522782 120
522807 120
522818 120
522874 120
522885 120
522906 120
522916 120
522990 120
523064 120
523163 120
523165 120
523167 120
523214 120
523218 120
523253 120
523323 120
523340 120
523598 120
523624 120
523659 120
523806 120
523832 120
523903 120
523929 120
523931 120
523941 120
523970 120
524043 120
524167 120
524206 120
524220 120
524331 120
524383 120
524451 120
524452 120
524483 120
524494 120
524670 120
524672 120
524700 120
524849 120
524868 120
524937 120
524952 120
525041 120
525145 120
525312 120
525317 120
525377 120
525381 120
525484 120
525540 120
525572 120
525581 120
525618 120
525634 120
525650 120
525651 120
525656 120
525662 120
525669 120
525775 120
525796 120
525828 120
525867 120
525876 120
525899 120
525905 120
525919 120
525921 120
525982 120
526029 120
526036 120
526051 120
526064 120
526083 120
526087 120
526090 120
526096 120
526098 120
526106 120
526135 120
526145 120
526159 120
526186 120
526199 120
526256 120
526272 120
526281 120
526332 120
526424 120
526474 120
526565 120
526646 120
526670 120
526676 120
526697 120
526741 120
526819 120
526832 120
526853 120
526899 120
526932 120
526992 120
527038 120
527142 120
527204 120
527214 120
527311 120
527321 120
527358 120
527472 120
527587 120
527593 120
527610 120
527670 120
527676 120
527688 120
527701 120
527710 120
527714 120
527756 120
527760 120
527798 120
527811 120
528061 120
528075 120
528121 120
528231 120
528612 120
528757 120
528770 120
528772 120
528791 120
528895 120
528927 120
528935 120
529009 120
529027 120
529043 120
529055 120
529100 120
529162 120
529188 120
529280 120
529326 120
529361 120
529367 120
529388 120
529454 120
529529 120
529558 120
529660 120
529663 120
529705 120
529730 120
529755 120
529850 120
529861 120
529898 120
530056 120
530103 120
530109 120
530255 120
530277 120
530292 120
530309 120
530315 120
530363 120
530543 120
530714 120
530849 120
531056 120
531077 120
531345 120
531347 120
531352 120
531354 120
531362 120
531376 120
531388 120
531396 120
531397 120
531770 120
531785 120
531861 120
531938 120
531959 120
531963 120
531973 120
531976 120
532006 120
532307 120
532367 120
532387 120
532497 120
532581 120
532599 120
532604 120
532651 120
532680 120
532717 120
532723 120
532822 120
532851 120
532895 120
532899 120
532962 120
533076 120
533448 120
533629 120
533667 120
533701 120
533716 120
533795 120
533915 120
533986 120
534006 120
534112 120
534187 120
534207 120
534232 120
534294 120
534318 120
534327 120
534436 120
534545 120
534551 120
534641 120
534660 120
534726 120
534750 120
534832 120
534915 120
535020 120
535055 120
535088 120
535132 120
535160 120
535167 120
535181 120
535194 120
535209 120
535260 120
535342 120
535350 120
535415 120
535445 120
535461 120
535508 120
535538 120
535743 120
535920 120
536022 120
536344 120
536372 120
536506 120
536515 120
536580 120
536608 120
536690 120
536710 120
536879 120
536937 120
537084 120
537094 120
537164 120
537409 120
537506 120
537552 120
537624 120
537661 120
537723 120
537989 120
538056 120
538115 120
538199 120
538381 120
538389 120
538409 120
538432 120
538445 120
538454 120
538534 120
538591 120
538595 120
538616 120
538627 120
538629 120
538726 120
538761 120
538806 120
538821 120
538878 120
538940 120
538958 120
538986 120
539039 120
539330 120
539615 120
539780 120
539881 120
539944 120
539949 120
540046 120
540106 120
540122 120
540133 120
540197 120
540232 120
540283 120
540354 120
540414 120
540440 120
540466 120
540513 120
540525 120
540538 120
540545 120
540553 120
540573 120
540608 120
540641 120
540679 120
540693 120
540765 120
540773 120
540812 120
540814 120
540911 120
541033 120
541040 120
541042 120
541046 120
541054 120
541078 120
541091 120
541123 120
541128 120
541183 120
541216 120
541218 120
541227 120
541258 120
541337 120
541364 120
541415 120
541438 120
541456 120
541468 120
541618 120
541664 120
541697 120
541781 120
541817 120
541819 120
541869 120
542148 120
542211 120
542234 120
542237 120
542275 120
542278 120
542285 120
542317 120
542327 120
542337 120
542347 120
542379 120
542389 120
542390 120
542514 120
542610 120
542644 120
542646 120
542714 120
542724 120
542776 120
542781 120
542782 120
542785 120
542849 120
542900 120
542913 120
542916 120
542921 120
543003 120
543022 120
543028 120
543125 120
543209 120
543233 120
543238 120
543357 120
543370 120
543387 120
543486 120
543502 120
543689 120
543697 120
543738 120
543800 120
543810 120
543820 120
543831 120
543891 120
544038 120
544046 120
544052 120
544065 120
544070 120
544088 120
544091 120
544128 120
544137 120
544152 120
544154 120
544190 120
544304 120
544345 120
544403 120
544654 120
544743 120
544765 120
544779 120
544853 120
545041 120
545046 120
545114 120
545116 120
545153 120
545191 120
545215 120
545236 120
545295 120
545468 120
545510 120
545536 120
545544 120
545580 120
545585 120
545602 120
545672 120
545675 120
545696 120
545722 120
545870 120
545878 120
545883 120
546009 120
546019 120
546026 120
546155 120
546163 120
546171 120
546227 120
546240 120
546246 120
546248 120
546260 120
546262 120
546314 120
546350 120
546751 120
546758 120
547097 120
547119 120
547149 120
547150 120
547154 120
547164 120
547174 120
547204 120
547213 120
547277 120
547316 120
547377 120
551420 120
551558 120
551613 120
551623 120
551630 120
552038 120
552379 120
552811 120
553150 120
553618 120
553781 120
554142 120
554240 120
554626 120
554728 120
554855 120
555006 120
555178 120
555758 120
555835 120
555838 120
556057 120
556258 120
556457 120
556515 120
556673 120
556793 120
556966 120
557007 120
557418 120
557507 120
557913 120
557918 120
557937 120
558104 120
558143 120
558332 120
558671 120
558807 120
558959 120
559009 120
559085 120
559156 120
559222 120
559692 120
560033 120
560479 120
561066 120
561412 120
561523 120
561572 120
562071 120
562271 120
562312 120
562325 120
562326 120
562404 120
562842 120
563270 120
563300 120
563814 120
563816 120
564357 120
564905 120
565956 120
565984 120
566003 120
566073 120
566130 120
566753 120
566759 120
567032 120
567465 120
568600 120
568821 120
568940 120
568997 120
569341 120
569364 120
569526 120
570040 120
570340 120
570364 120
570421 120
570917 120
570948 120
571011 120
571044 120
571127 120
571182 120
571282 120
571544 120
571549 120
571559 120
571714 120
571809 120
571828 120
571887 120
571999 120
572480 120
573826 120
574060 120
574371 120
575427 120
576264 120
576358 120
576377 120
576383 120
576736 120
576746 120
576759 120
576835 120
577144 120
577200 120
577517 120
577555 120
577622 120
577640 120
577652 120
577888 120
577964 120
578006 120
578032 120
578091 120
578134 120
578224 120
578257 120
578446 120
578786 120
578860 120
578981 120
578997 120
579049 120
579252 120
579255 120
579371 120
579646 120
579648 120
579845 120
579861 120
579898 120
580242 120
580243 120
580662 120
580927 120
581529 120
582064 120
582751 120
583159 120
583340 120
584010 120
584125 120
584182 120
584710 120
584853 120
585040 120
585065 120
585214 120
585251 120
585300 120
585318 120
585383 120
585388 120
585399 120
585452 120
585550 120
585608 120
585656 120
585863 120
586082 120
586420 120
586626 120
586737 120
586829 120
586882 120
587044 120
587245 120
587254 120
587433 120
587620 120
587623 120
587686 120
588688 120
589125 120
589418 120
589862 120
590442 120
590645 120
591573 120
591607 120
591928 120
592189 120
592505 120
592582 120
592583 120
592642 120
592707 120
592729 120
592778 120
593254 120
593311 120
593739 120
594459 120
594607 120
595094 120
595226 120
595259 120
595460 120
595751 120
595880 120
595945 120
595989 120
596021 120
596035 120
596092 120
596100 120
596153 120
596176 120
596420 120
596556 120
596559 120
596690 120
596741 120
597601 120
597670 120
598057 120
599451 120
600929 120
601944 120
602028 120
602077 120
602154 120
602209 120
602565 120
604402 120
604963 120
605059 120
605302 120
605348 120
605356 120
605582 120
605593 120
605964 120
606256 120
606337 120
606452 120
606519 120
606660 120
606675 120
607108 120
607333 120
607995 120
608208 120
608394 120
608726 120
608746 120
609155 120
609580 120
609876 120
609959 120
610022 120
610027 120
610528 120
610635 120
610896 120
610898 120
611470 120
612051 120
612388 120
612850 120
613020 120
613579 120
613666 120
613783 120
613796 120
613822 120
613840 120
614137 120
614217 120
614484 120
614547 120
614610 120
614653 120
614789 120
614790 120
614846 120
614993 120
615034 120
615036 120
615099 120
615291 120
615299 120
615300 120
615387 120
615551 120
615960 120
616573 120
616816 120
617145 120
617171 120
617726 120
617987 120
618157 120
619407 120
620117 120
620697 120
621571 120
622172 120
622483 120
622605 120
622937 120
623482 120
623706 120
624165 120
624428 120
624630 120
624871 120
624884 120
624905 120
624987 120
625051 120
625153 120
625253 120
625451 120
625516 120
625648 120
627371 120
628170 120
628937 120
628996 120
629024 120
629118 120
629119 120
629186 120
629230 120
629290 120
629380 120
629485 120
629561 120
629598 120
629772 120
629955 120
629964 120
630019 120
630034 120
630071 120
630097 120
630098 120
630099 120
630170 120
630186 120
630189 120
630193 120
630199 120
630415 120
630456 120
630817 120
631654 120
631899 120
632730 120
633245 120
633499 120
633581 120
634317 120
634342 120
634572 120
634583 120
634727 120
634785 120
636945 120
637257 120
637259 120
647342 120
649600 120
650012 120
650542 120
653523 120
659103 120
659884 120
660342 120
661990 120
666448 120
668423 120
673414 120
674450 120
679262 120
689382 120
689862 120
698643 120
701002 120
711603 120
711700 120
711710 120
711988 120
712000 120
712254 120
712942 120
713039 120
713060 120
714537 120
716878 120
717272 120
717364 120
718645 120
718912 120
720648 120
501776 100
501780 100
501810 100
501814 100
501919 100
501960 100
502101 100
502126 100
502145 100
502166 100
502240 100
502247 100
502254 100
502264 100
502423 100
502520 100
502532 100
502588 100
502590 100
502597 100
502616 100
502652 100
502783 100
503367 100
503688 100
503861 100
504042 100
504129 100
504142 100
504597 100
504605 100
504746 100
504748 100
504751 100
504762 100
504790 100
504814 100
504825 100
504835 100
504879 100
504881 100
504900 100
504977 100
505008 100
505131 100
505433 100
505470 100
505502 100
505523 100
505533 100
505566 100
505849 100
505940 100
506059 100
506105 100
506108 100
506215 100
506438 100
506555 100
506588 100
506601 100
506715 100
506739 100
506775 100
507105 100
507380 100
507455 100
507700 100
508093 100
508262 100
508278 100
508289 100
508461 100
508558 100
508682 100
508760 100
508796 100
508815 100
509280 100
509464 100
509490 100
509576 100
509618 100
509755 100
509778 100
509780 100
509843 100
509890 100
510104 100
510192 100
510244 100
510273 100
510505 100
510603 100
510656 100
510662 100
510711 100
510970 100
511006 100
511012 100
511016 100
511055 100
511342 100
511392 100
511402 100
511482 100
511515 100
511616 100
511654 100
511672 100
512660 100
512716 100
512717 100
512781 100
512925 100
512953 100
513028 100
513081 100
513146 100
513159 100
513191 100
513202 100
513231 100
513264 100
513283 100
513337 100
513361 100
513400 100
513420 100
513455 100
513480 100
513481 100
513494 100
513527 100
513573 100
513580 100
513616 100
513640 100
513670 100
513738 100
513756 100
513773 100
513796 100
513816 100
513925 100
513954 100
514004 100
514009 100
514091 100
514094 100
514129 100
514154 100
514182 100
514221 100
514224 100
514237 100
514249 100
514268 100
514329 100
514336 100
514355 100
514579 100
514607 100
514663 100
514695 100
514709 100
514716 100
514740 100
514900 100
515074 100
515119 100
515164 100
515272 100
515403 100
515452 100
515557 100
515565 100
515586 100
515648 100
515715 100
515811 100
515822 100
515832 100
515866 100
516010 100
516032 100
516073 100
516144 100
516177 100
516200 100
516284 100
516367 100
516411 100
516551 100
516596 100
517004 100
517152 100
517186 100
517382 100
517403 100
517440 100
517450 100
517452 100
517490 100
517545 100
517614 100
517646 100
517665 100
517688 100
517732 100
517739 100
517740 100
517755 100
517762 100
517796 100
517825 100
517890 100
517948 100
517954 100
517976 100
517991 100
518000 100
518035 100
518062 100
518073 100
518080 100
518082 100
518096 100
518248 100
518253 100
518268 100
518320 100
518395 100
518414 100
518426 100
518429 100
518434 100
518498 100
518545 100
518613 100
518792 100
518825 100
519076 100
519112 100
519214 100
519272 100
519474 100
519508 100
519574 100
519631 100
519806 100
519810 100
519837 100
519872 100
519904 100
519913 100
519979 100
519983 100
520060 100
520135 100
520198 100
520306 100
520353 100
520418 100
520598 100
520745 100
520789 100
520798 100
520819 100
520828 100
520876 100
520923 100
520939 100
521140 100
521202 100
521237 100
521278 100
521307 100
521434 100
521439 100
521446 100
521453 100
521465 100
521481 100
521489 100
521584 100
521772 100
521813 100
521855 100
521875 100
521876 100
521886 100
521902 100
521939 100
521940 100
521980 100
521995 100
522009 100
522010 100
522035 100
522120 100
522133 100
522151 100
522188 100
522190 100
522202 100
522246 100
522264 100
522323 100
522342 100
522434 100
522452 100
522468 100
522495 100
522544 100
522564 100
522589 100
522591 100
522600 100
522601 100
522663 100
522690 100
522701 100
522713 100
522722 100
522762 100
522800 100
522830 100
522860 100
522894 100
522898 100
522940 100
522953 100
522983 100
523033 100
523104 100
523107 100
523162 100
523182 100
523202 100
523227 100
523230 100
523260 100
523281 100
523289 100
523298 100
523300 100
523301 100
523317 100
523322 100
523337 100
523347 100
523418 100
523434 100
523475 100
523485 100
523565 100
523597 100
523632 100
523666 100
523673 100
523727 100
523745 100
523828 100
523874 100
523891 100
523902 100
523933 100
523981 100
523992 100
523997 100
524056 100
524059 100
524119 100
524182 100
524240 100
524458 100
524655 100
524667 100
524680 100
524691 100
524699 100
524752 100
524763 100
524871 100
525006 100
525100 100
525112 100
525115 100
525116 100
525168 100
525209 100
525220 100
525268 100
525297 100
525299 100
525319 100
525363 100
525440 100
525503 100
525520 100
525529 100
525539 100
525606 100
525649 100
525739 100
525808 100
525816 100
525830 100
525858 100
525870 100
525878 100
525883 100
525889 100
525890 100
525923 100
525939 100
525943 100
526001 100
526010 100
526041 100
526046 100
526052 100
526081 100
526091 100
526092 100
526099 100
526162 100
526209 100
526224 100
526290 100
526308 100
526340 100
526342 100
526422 100
526455 100
526463 100
526497 100
526524 100
526545 100
526549 100
526557 100
526629 100
526631 100
526633 100
526650 100
526687 100
526688 100
526710 100
526715 100
526725 100
526729 100
526750 100
526767 100
526773 100
526783 100
526820 100
526828 100
526842 100
526925 100
526926 100
526998 100
527055 100
527094 100
527130 100
527259 100
527275 100
527279 100
527280 100
527288 100
527289 100
527351 100
527357 100
527420 100
527433 100
527450 100
527550 100
527571 100
527572 100
527591 100
527598 100
527654 100
527673 100
527704 100
527735 100
527740 100
527745 100
527780 100
527860 100
527875 100
527902 100
528058 100
528081 100
528097 100
528145 100
528210 100
528239 100
528623 100
528779 100
528786 100
528788 100
528792 100
528797 100
529024 100
529026 100
529047 100
529111 100
529117 100
529132 100
529152 100
529157 100
529193 100
529245 100
529349 100
529353 100
529448 100
529450 100
529536 100
529646 100
529651 100
529679 100
529682 100
529700 100
529763 100
529765 100
529838 100
529842 100
529852 100
529951 100
530020 100
530022 100
530125 100
530196 100
530276 100
530774 100
530900 100
530925 100
530939 100
531054 100
531076 100
531138 100
531322 100
531355 100
531384 100
531393 100
531394 100
531395 100
531400 100
531406 100
531409 100
531872 100
531894 100
531939 100
531955 100
531957 100
531982 100
531996 100
531997 100
532111 100
532216 100
532217 100
532235 100
532250 100
532288 100
532296 100
532513 100
532590 100
532614 100
532643 100
532671 100
532684 100
532924 100
533055 100
533079 100
533189 100
533250 100
533291 100
533449 100
533452 100
533475 100
533497 100
533559 100
533587 100
533704 100
533736 100
533953 100
533999 100
534027 100
534139 100
534173 100
534177 100
534330 100
534362 100
534395 100
534500 100
534574 100
534706 100
534722 100
534767 100
534892 100
534920 100
535037 100
535120 100
535163 100
535215 100
535231 100
535251 100
535296 100
535299 100
535322 100
535348 100
535404 100
535426 100
535441 100
535442 100
535462 100
535472 100
535489 100
535529 100
535533 100
535534 100
535683 100
535694 100
535778 100
535831 100
535835 100
535858 100
535899 100
535946 100
536033 100
536068 100
536143 100
536146 100
536342 100
536367 100
536444 100
536456 100
536509 100
536523 100
536566 100
536603 100
536609 100
536699 100
536705 100
536901 100
536939 100
536945 100
537021 100
537024 100
537166 100
537167 100
537533 100
537679 100
537768 100
537876 100
537936 100
538066 100
538091 100
538324 100
538363 100
538369 100
538382 100
538418 100
538464 100
538467 100
538480 100
538499 100
538600 100
538613 100
538685 100
538693 100
538701 100
538728 100
538790 100
538794 100
538856 100
538873 100
538903 100
538947 100
538955 100
538971 100
538982 100
539045 100
539146 100
539218 100
539340 100
539364 100
539567 100
539618 100
539688 100
539698 100
539699 100
539732 100
539762 100
539785 100
539817 100
539908 100
540022 100
540083 100
540096 100
540116 100
540140 100
540193 100
540210 100
540285 100
540302 100
540336 100
540345 100
540348 100
540372 100
540397 100
540470 100
540486 100
540494 100
540502 100
540506 100
540521 100
540527 100
540546 100
540560 100
540682 100
540716 100
540772 100
540789 100
540811 100
540839 100
540846 100
541050 100
541052 100
541075 100
541150 100
541152 100
541191 100
541228 100
541289 100
541413 100
541445 100
541451 100
541454 100
541462 100
541629 100
541639 100
541660 100
541678 100
541748 100
541756 100
541758 100
541779 100
541835 100
541849 100
541876 100
541895 100
542114 100
542164 100
542182 100
542207 100
542255 100
542262 100
542305 100
542343 100
542373 100
542380 100
542410 100
542411 100
542417 100
542463 100
542614 100
542638 100
542661 100
542682 100
542687 100
542707 100
542867 100
542875 100
542956 100
542997 100
543093 100
543143 100
543168 100
543194 100
543218 100
543323 100
543460 100
543470 100
543475 100
543515 100
543601 100
543657 100
543681 100
543742 100
543769 100
543772 100
543788 100
543811 100
543824 100
543825 100
543865 100
544002 100
544005 100
544008 100
544014 100
544057 100
544083 100
544116 100
544140 100
544235 100
544240 100
544243 100
544449 100
544546 100
544565 100
544577 100
544741 100
545050 100
545091 100
545098 100
545132 100
545171 100
545180 100
545192 100
545247 100
545287 100
545424 100
545487 100
545498 100
545520 100
545555 100
545572 100
545619 100
545650 100
545702 100
545745 100
545769 100
545777 100
545783 100
545793 100
545805 100
545826 100
545847 100
545892 100
545904 100
545941 100
545992 100
546036 100
546048 100
546057 100
546121 100
546138 100
546142 100
546179 100
546182 100
546194 100
546228 100
546292 100
546309 100
546322 100
546328 100
546331 100
546416 100
546571 100
546743 100
546944 100
546969 100
547036 100
547148 100
547162 100
547169 100
547199 100
547216 100
547259 100
547281 100
547300 100
547301 100
550620 100
550647 100
550648 100
550927 100
551041 100
551098 100
551151 100
551286 100
551336 100
551397 100
551491 100
551519 100
551544 100
551621 100
551921 100
551943 100
552146 100
552290 100
552316 100
552429 100
552476 100
552526 100
552984 100
553642 100
553937 100
553950 100
553990 100
554004 100
554118 100
554409 100
554534 100
554551 100
554857 100
554927 100
555045 100
555236 100
555525 100
555754 100
555828 100
555873 100
555960 100
556126 100
556197 100
556410 100
556593 100
556811 100
556878 100
557024 100
557460 100
557809 100
557939 100
558175 100
558265 100
558362 100
558435 100
558478 100
558615 100
558661 100
558716 100
558844 100
558885 100
558899 100
558944 100
559105 100
559801 100
559870 100
559985 100
560123 100
560641 100
561107 100
561319 100
561399 100
561445 100
561624 100
561767 100
561881 100
561992 100
561999 100
562015 100
562121 100
562122 100
562483 100
562899 100
563151 100
563217 100
563780 100
563803 100
563821 100
563925 100
563944 100
564180 100
564511 100
564544 100
564546 100
564661 100
564677 100
565527 100
565576 100
565838 100
565911 100
565912 100
565938 100
566128 100
566176 100
566223 100
566356 100
566766 100
566897 100
566946 100
567065 100
567802 100
568652 100
568842 100
569408 100
569530 100
569868 100
569926 100
570180 100
570246 100
570314 100
570321 100
570381 100
570422 100
570434 100
570436 100
570456 100
570913 100
570914 100
570982 100
571028 100
571031 100
571051 100
571126 100
571315 100
571317 100
571379 100
571555 100
571823 100
571833 100
571837 100
571980 100
572005 100
572269 100
572331 100
572332 100
572345 100
572425 100
572431 100
572462 100
572493 100
573830 100
575425 100
575890 100
576379 100
576494 100
576855 100
576913 100
577008 100
577022 100
577201 100
577575 100
577628 100
577745 100
578130 100
578163 100
578227 100
578569 100
578663 100
578777 100
578797 100
578943 100
578971 100
578972 100
579148 100
579369 100
579647 100
579864 100
579932 100
580481 100
580550 100
580601 100
580641 100
580873 100
581281 100
582067 100
582482 100
582547 100
583143 100
583400 100
583451 100
583820 100
584020 100
584288 100
584319 100
584528 100
584645 100
584720 100
584742 100
584800 100
584955 100
585206 100
585274 100
585305 100
585313 100
585319 100
585375 100
585527 100
585584 100
585873 100
585885 100
585964 100
585990 100
586010 100
586061 100
586091 100
586281 100
586285 100
586660 100
586811 100
586943 100
587001 100
587225 100
587578 100
587666 100
588440 100
589415 100
589470 100
589641 100
590550 100
591541 100
591801 100
591940 100
592014 100
592035 100
592042 100
592043 100
592145 100
592185 100
592532 100
592777 100
592780 100
592795 100
592820 100
593763 100
593915 100
594059 100
594073 100
594249 100
594405 100
594451 100
594478 100
594955 100
595045 100
595071 100
595076 100
595099 100
595101 100
595234 100
596307 100
596353 100
596531 100
596703 100
596800 100
596823 100
596976 100
597326 100
597366 100
597487 100
597489 100
598194 100
598199 100
599075 100
599167 100
600271 100
601949 100
602020 100
602346 100
602422 100
602558 100
604801 100
604964 100
605000 100
605653 100
606267 100
606294 100
606442 100
606500 100
606701 100
606840 100
606843 100
607174 100
607196 100
607693 100
608399 100
608671 100
608993 100
609742 100
609779 100
609785 100
609787 100
609905 100
609906 100
610097 100
610538 100
610749 100
610889 100
610934 100
610995 100
611088 100
611234 100
611705 100
611888 100
612020 100
612046 100
612056 100
612343 100
612351 100
612352 100
612962 100
613026 100
613471 100
613501 100
613573 100
613839 100
613891 100
614145 100
614550 100
614556 100
614581 100
614776 100
615017 100
615025 100
615060 100
615177 100
615183 100
615192 100
615477 100
615478 100
615511 100
615536 100
616821 100
616942 100
617098 100
617125 100
617134 100
617174 100
617184 100
617187 100
618155 100
618178 100
618196 100
618468 100
618520 100
620952 100
621082 100
621238 100
621685 100
622055 100
623164 100
623200 100
623212 100
623752 100
623851 100
623856 100
624536 100
624862 100
624992 100
624999 100
625009 100
625126 100
627300 100
627366 100
627941 100
628109 100
628649 100
628883 100
628942 100
629026 100
629364 100
629371 100
629372 100
629378 100
629482 100
629508 100
629953 100
629954 100
629960 100
629967 100
629978 100
629994 100
630016 100
630053 100
630059 100
630079 100
630081 100
630101 100
630121 100
630135 100
630152 100
630155 100
630179 100
630180 100
630182 100
630198 100
630204 100
630210 100
630215 100
630424 100
631574 100
631603 100
631895 100
632080 100
632787 100
634183 100
634263 100
634309 100
634563 100
634748 100
634875 100
634893 100
637194 100
637234 100
637258 100
637273 100
637307 100
641485 100
650345 100
650465 100
650682 100
651662 100
652462 100
653402 100
654462 100
654524 100
655882 100
657762 100
662522 100
669623 100
673410 100
675102 100
677282 100
677522 100
678202 100
680442 100
680742 100
689202 100
699264 100
701283 100
703415 100
705245 100
706322 100
706564 100
707984 100
711994 100
712063 100
712074 100
712156 100
712327 100
712444 100
712671 100
713336 100
713350 100
713791 100
714189 100
714838 100
714914 100
715057 100
715319 100
716522 100
716546 100
716650 100
717119 100
717884 100
718726 100
719071 100
719642 100
501763 80
501775 80
501820 80
501862 80
501877 80
501910 80
501971 80
502034 80
502065 80
502069 80
502185 80
502221 80
502244 80
502268 80
502289 80
502295 80
502354 80
502408 80
502550 80
502606 80
502653 80
502849 80
502871 80
502897 80
502949 80
503239 80
503297 80
503329 80
503528 80
503636 80
503645 80
503675 80
503694 80
503729 80
503887 80
504037 80
504253 80
504255 80
504284 80
504692 80
504722 80
504756 80
504771 80
504776 80
504783 80
504784 80
504796 80
504801 80
504817 80
504823 80
504856 80
504875 80
504894 80
504895 80
504899 80
504919 80
504939 80
504972 80
505167 80
505175 80
505213 80
505249 80
505389 80
505462 80
505535 80
505538 80
505563 80
505620 80
505700 80
505892 80
505937 80
505948 80
505973 80
506057 80
506091 80
506100 80
506119 80
506199 80
506212 80
506300 80
506310 80
506500 80
506624 80
506628 80
506638 80
506683 80
506700 80
506744 80
506978 80
507345 80
507401 80
507646 80
507699 80
507800 80
507890 80
508259 80
508274 80
508342 80
508462 80
508486 80
508499 80
508508 80
508536 80
508686 80
508831 80
509156 80
509239 80
509289 80
509551 80
509626 80
509659 80
509674 80
509714 80
509754 80
509815 80
510020 80
510023 80
510138 80
510254 80
510375 80
510762 80
510803 80
510818 80
510843 80
510932 80
510973 80
510975 80
511053 80
511240 80
511251 80
511410 80
511473 80
511507 80
511516 80
511621 80
511670 80
511680 80
511888 80
512089 80
512115 80
512462 80
512693 80
512705 80
512767 80
512773 80
512813 80
512889 80
512944 80
512960 80
513156 80
513179 80
513229 80
513250 80
513253 80
513260 80
513376 80
513412 80
513424 80
513448 80
513495 80
513558 80
513586 80
513602 80
513621 80
513685 80
513692 80
513728 80
513808 80
513852 80
513881 80
513905 80
513906 80
513944 80
513956 80
513988 80
513991 80
514016 80
514048 80
514054 80
514060 80
514080 80
514100 80
514113 80
514117 80
514124 80
514157 80
514174 80
514176 80
514193 80
514201 80
514259 80
514270 80
514278 80
514302 80
514318 80
514476 80
514479 80
514544 80
514610 80
514654 80
514741 80
514767 80
514836 80
514888 80
514908 80
514924 80
514994 80
515056 80
515110 80
515115 80
515201 80
515244 80
515289 80
515291 80
515311 80
515379 80
515462 80
515539 80
515833 80
515884 80
515890 80
515903 80
516047 80
516063 80
516064 80
516089 80
516102 80
516234 80
516528 80
516618 80
517013 80
517358 80
517390 80
517402 80
517428 80
517446 80
517523 80
517537 80
517552 80
517577 80
517639 80
517669 80
517671 80
517729 80
517748 80
517749 80
517752 80
517753 80
517787 80
517792 80
517816 80
517846 80
517857 80
517861 80
517884 80
517896 80
517898 80
517907 80
517922 80
517953 80
517962 80
517969 80
517989 80
518044 80
518059 80
518069 80
518074 80
518085 80
518088 80
518114 80
518128 80
518141 80
518162 80
518165 80
518173 80
518180 80
518208 80
518222 80
518238 80
518350 80
518501 80
518511 80
518520 80
518567 80
518589 80
518607 80
518610 80
518615 80
518623 80
518626 80
518661 80
518682 80
518719 80
518800 80
518809 80
518822 80
518887 80
519020 80
519031 80
519068 80
519182 80
519228 80
519368 80
519379 80
519385 80
519479 80
519532 80
519627 80
519633 80
519735 80
519736 80
519738 80
519746 80
519758 80
519760 80
519768 80
519770 80
519793 80
519939 80
519944 80
519975 80
520047 80
520049 80
520476 80
520568 80
520576 80
520581 80
520615 80
520785 80
520880 80
521016 80
521048 80
521263 80
521286 80
521287 80
521298 80
521303 80
521326 80
521432 80
521488 80
521508 80
521531 80
521659 80
521723 80
521735 80
521740 80
521812 80
521840 80
521866 80
521871 80
521915 80
521919 80
521929 80
521941 80
521944 80
521950 80
521952 80
521965 80
521983 80
521991 80
522045 80
522079 80
522205 80
522220 80
522271 80
522293 80
522300 80
522314 80
522333 80
522347 80
522363 80
522412 80
522480 80
522504 80
522554 80
522566 80
522616 80
522629 80
522637 80
522695 80
522724 80
522731 80
522767 80
522786 80
522804 80
522848 80
522855 80
522862 80
522873 80
522877 80
522889 80
522944 80
522957 80
522971 80
522982 80
523036 80
523039 80
523087 80
523106 80
523192 80
523195 80
523213 80
523222 80
523226 80
523234 80
523292 80
523334 80
523351 80
523352 80
523355 80
523395 80
523409 80
523470 80
523557 80
523591 80
523600 80
523652 80
523656 80
523662 80
523765 80
523795 80
523836 80
523842 80
523843 80
523856 80
523865 80
523875 80
523879 80
523885 80
523915 80
523916 80
523953 80
523960 80
523969 80
523973 80
523982 80
524014 80
524036 80
524091 80
524107 80
524190 80
524234 80
524455 80
524479 80
524525 80
524551 80
524641 80
524645 80
524652 80
524662 80
524663 80
524674 80
524716 80
524744 80
524771 80
524795 80
524878 80
524883 80
525023 80
525082 80
525083 80
525118 80
525121 80
525127 80
525148 80
525178 80
525207 80
525218 80
525226 80
525262 80
525280 80
525283 80
525306 80
525325 80
525435 80
525486 80
525490 80
525504 80
525555 80
525568 80
525582 80
525600 80
525616 80
525619 80
525620 80
525623 80
525642 80
525654 80
525663 80
525673 80
525731 80
525735 80
525760 80
525782 80
525809 80
525844 80
525873 80
525900 80
525916 80
525924 80
525926 80
525927 80
525944 80
525945 80
525947 80
525950 80
525978 80
525986 80
526015 80
526038 80
526039 80
526040 80
526045 80
526058 80
526079 80
526084 80
526085 80
526086 80
526104 80
526107 80
526108 80
526115 80
526166 80
526194 80
526297 80
526344 80
526348 80
526368 80
526369 80
526381 80
526390 80
526395 80
526409 80
526418 80
526428 80
526436 80
526447 80
526448 80
526456 80
526555 80
526567 80
526574 80
526606 80
526620 80
526624 80
526658 80
526663 80
526679 80
526742 80
526746 80
526807 80
526816 80
526821 80
526850 80
526868 80
526884 80
526906 80
526909 80
526927 80
527008 80
527101 80
527178 80
527227 80
527245 80
527300 80
527312 80
527328 80
527330 80
527346 80
527369 80
527388 80
527398 80
527463 80
527480 80
527495 80
527513 80
527535 80
527538 80
527552 80
527556 80
527558 80
527578 80
527583 80
527584 80
527614 80
527622 80
527625 80
527628 80
527631 80
527677 80
527678 80
527683 80
527697 80
527728 80
527753 80
527765 80
527785 80
527787 80
528047 80
528080 80
528084 80
528088 80
528093 80
528180 80
528196 80
528207 80
528224 80
528237 80
528267 80
528282 80
528283 80
528288 80
528293 80
528644 80
528690 80
528794 80
528929 80
528932 80
528947 80
528990 80
529059 80
529069 80
529073 80
529113 80
529114 80
529128 80
529141 80
529189 80
529199 80
529207 80
529348 80
529406 80
529416 80
529419 80
529426 80
529440 80
529442 80
529501 80
529581 80
529633 80
529649 80
529652 80
529655 80
529657 80
529661 80
529737 80
529769 80
529847 80
530021 80
530027 80
530053 80
530088 80
530090 80
530105 80
530112 80
530314 80
530328 80
530406 80
530566 80
530593 80
530616 80
530634 80
530750 80
530753 80
530754 80
530781 80
530842 80
530883 80
530893 80
530930 80
530967 80
531039 80
531042 80
531051 80
531128 80
531130 80
531283 80
531344 80
531357 80
531365 80
531368 80
531369 80
531378 80
531379 80
531382 80
531390 80
531401 80
531728 80
531734 80
531836 80
531945 80
531962 80
531970 80
532106 80
532191 80
532210 80
532292 80
532322 80
532579 80
532584 80
532600 80
532650 80
532654 80
532657 80
532689 80
532702 80
532708 80
532729 80
532731 80
532774 80
532780 80
532872 80
532908 80
532971 80
532983 80
532991 80
533170 80
533218 80
533242 80
533286 80
533393 80
533398 80
533446 80
533450 80
533490 80
533514 80
533523 80
533530 80
533537 80
533580 80
533602 80
533604 80
533719 80
533737 80
533746 80
533880 80
533900 80
533980 80
534047 80
534073 80
534124 80
534245 80
534376 80
534377 80
534411 80
534422 80
534464 80
534616 80
534621 80
534632 80
534693 80
534757 80
534797 80
534882 80
534894 80
534939 80
534981 80
535101 80
535117 80
535127 80
535238 80
535339 80
535382 80
535428 80
535439 80
535453 80
535459 80
535467 80
535468 80
535471 80
535480 80
535484 80
535492 80
535495 80
535545 80
535641 80
535661 80
535697 80
535725 80
535731 80
535767 80
535769 80
535779 80
535795 80
535839 80
535853 80
535893 80
535931 80
535972 80
535983 80
535997 80
536028 80
536032 80
536046 80
536256 80
536346 80
536382 80
536537 80
536563 80
536676 80
536688 80
536711 80
536761 80
536772 80
536905 80
536932 80
536938 80
537006 80
537025 80
537031 80
537035 80
537082 80
537151 80
537264 80
537356 80
537864 80
537883 80
537897 80
537945 80
538015 80
538061 80
538100 80
538126 80
538128 80
538162 80
538337 80
538481 80
538484 80
538507 80
538511 80
538565 80
538567 80
538588 80
538601 80
538620 80
538632 80
538697 80
538699 80
538735 80
538760 80
538771 80
538774 80
538997 80
539024 80
539051 80
539057 80
539069 80
539091 80
539125 80
539127 80
539167 80
539176 80
539302 80
539317 80
539384 80
539388 80
539692 80
539789 80
539796 80
539874 80
539879 80
539886 80
539923 80
539991 80
540020 80
540030 80
540074 80
540160 80
540228 80
540252 80
540277 80
540292 80
540299 80
540325 80
540383 80
540424 80
540441 80
540443 80
540463 80
540477 80
540481 80
540678 80
540690 80
540720 80
540722 80
540733 80
540735 80
540741 80
540766 80
540792 80
540796 80
540806 80
540831 80
540875 80
540899 80
541135 80
541155 80
541158 80
541188 80
541203 80
541231 80
541277 80
541294 80
541357 80
541621 80
541656 80
541689 80
541694 80
541706 80
541709 80
541750 80
541751 80
541786 80
541802 80
541808 80
541831 80
541840 80
541898 80
541914 80
542180 80
542185 80
542193 80
542274 80
542292 80
542293 80
542304 80
542308 80
542313 80
542320 80
542385 80
542449 80
542472 80
542485 80
542522 80
542678 80
542681 80
542718 80
542752 80
542808 80
542813 80
542828 80
542926 80
543069 80
543159 80
543163 80
543340 80
543355 80
543366 80
543372 80
543427 80
543453 80
543462 80
543482 80
543558 80
543563 80
543692 80
543718 80
543797 80
543807 80
543845 80
543872 80
543895 80
543896 80
544045 80
544055 80
544081 80
544111 80
544131 80
544143 80
544445 80
544477 80
544794 80
544890 80
544893 80
544930 80
544947 80
544951 80
544953 80
544957 80
545051 80
545063 80
545070 80
545075 80
545177 80
545220 80
545233 80
545234 80
545239 80
545248 80
545257 80
545282 80
545286 80
545293 80
545312 80
545346 80
545448 80
545529 80
545538 80
545541 80
545643 80
545653 80
545674 80
545718 80
545719 80
545770 80
545833 80
545868 80
545884 80
545885 80
545898 80
545971 80
545972 80
545990 80
546018 80
546038 80
546045 80
546089 80
546123 80
546131 80
546132 80
546135 80
546137 80
546187 80
546190 80
546204 80
546551 80
546622 80
546691 80
546754 80
546757 80
546868 80
546959 80
546975 80
547071 80
547110 80
547117 80
547118 80
547155 80
547165 80
547175 80
547176 80
547185 80
547189 80
547206 80
547210 80
547223 80
547260 80
547310 80
550617 80
551192 80
551371 80
551418 80
551510 80
551585 80
552046 80
552102 80
552301 80
552409 80
552514 80
552597 80
553575 80
553597 80
553629 80
553662 80
553909 80
554094 80
554102 80
554182 80
554535 80
554685 80
555050 80
555768 80
555833 80
555851 80
555927 80
555930 80
556442 80
556456 80
556615 80
556698 80
556883 80
556970 80
557288 80
557450 80
557736 80
557741 80
558064 80
558150 80
558310 80
558528 80
558556 80
558660 80
558724 80
558725 80
558782 80
558788 80
558999 80
559011 80
559013 80
559119 80
559352 80
559394 80
559514 80
559804 80
560044 80
560141 80
560456 80
560582 80
560586 80
560687 80
560772 80
560846 80
560891 80
560926 80
560964 80
561002 80
561028 80
561094 80
561099 80
561309 80
561337 80
561454 80
561648 80
561657 80
561761 80
561824 80
561994 80
562259 80
562313 80
562329 80
562353 80
562391 80
562680 80
562949 80
562963 80
563058 80
563589 80
563631 80
563811 80
563818 80
564013 80
564060 80
564487 80
564569 80
564963 80
565392 80
565451 80
565493 80
565692 80
565710 80
565784 80
565865 80
565868 80
566004 80
566507 80
566707 80
566769 80
566867 80
566892 80
567495 80
567668 80
567672 80
568114 80
568365 80
569763 80
569766 80
570028 80
570319 80
570328 80
570360 80
570416 80
570420 80
570568 80
570895 80
570945 80
571514 80
571784 80
571977 80
572059 80
572192 80
572230 80
572392 80
572421 80
572423 80
572429 80
572474 80
572483 80
572576 80
574012 80
574018 80
574023 80
574058 80
574493 80
575045 80
575186 80
575291 80
575347 80
575681 80
575697 80
576176 80
576216 80
576495 80
576503 80
576683 80
576758 80
576787 80
576906 80
576921 80
576934 80
577019 80
577056 80
577073 80
577087 80
577567 80
577584 80
577633 80
577637 80
577889 80
577966 80
578122 80
578126 80
578127 80
578423 80
578428 80
578435 80
578613 80
578722 80
578775 80
578883 80
578925 80
579262 80
579570 80
579704 80
579761 80
579902 80
580261 80
580420 80
580480 80
580582 80
580623 80
580682 80
580862 80
580882 80
581969 80
582273 80
583002 80
583401 80
583802 80
583817 80
583993 80
584232 80
584397 80
584463 80
584580 80
584687 80
584702 80
584963 80
585039 80
585042 80
585062 80
585066 80
585190 80
585250 80
585261 80
585309 80
585362 80
585368 80
585374 80
585454 80
585593 80
585635 80
585655 80
585771 80
585888 80
585903 80
586048 80
586053 80
586081 80
586159 80
586284 80
586449 80
586546 80
586665 80
586666 80
586920 80
587038 80
587049 80
587248 80
587391 80
587401 80
587436 80
587438 80
587478 80
587495 80
587764 80
588189 80
588222 80
588469 80
588567 80
589106 80
591411 80
591544 80
591574 80
591605 80
591688 80
591955 80
592005 80
592041 80
592118 80
592188 80
592192 80
592227 80
592546 80
592639 80
592731 80
592767 80
593648 80
593715 80
593738 80
593803 80
594142 80
594160 80
594262 80
594375 80
594800 80
594825 80
594949 80
595309 80
595414 80
595452 80
595521 80
595523 80
595641 80
595690 80
595894 80
595912 80
595914 80
595983 80
596032 80
596072 80
596087 80
596227 80
596613 80
596685 80
596919 80
596927 80
596936 80
597319 80
597322 80
597360 80
597705 80
599157 80
599509 80
600836 80
601963 80
602069 80
602090 80
602135 80
604021 80
604786 80
604810 80
605101 80
605181 80
605370 80
605383 80
605403 80
605936 80
605941 80
606018 80
606091 80
606098 80
606172 80
606331 80
606408 80
606673 80
606690 80
606705 80
606869 80
607193 80
607313 80
607957 80
607977 80
607978 80
608390 80
608730 80
608740 80
609418 80
609421 80
609564 80
609576 80
609781 80
609960 80
610143 80
610514 80
610580 80
610592 80
610593 80
610647 80
610966 80
611074 80
611209 80
611271 80
611404 80
611466 80
611619 80
611624 80
611664 80
611842 80
611869 80
612023 80
612349 80
612376 80
612399 80
612484 80
613042 80
613419 80
613434 80
613466 80
613603 80
613739 80
613890 80
614041 80
614048 80
614050 80
614266 80
614450 80
614562 80
614566 80
614576 80
614669 80
614730 80
614756 80
614857 80
614860 80
614986 80
615013 80
615018 80
615028 80
615157 80
615184 80
615196 80
615213 80
615233 80
615245 80
615259 80
616026 80
616029 80
616068 80
616418 80
616947 80
616949 80
617106 80
617127 80
617164 80
617212 80
617720 80
617728 80
617743 80
618122 80
618164 80
618240 80
618259 80
618445 80
619390 80
619497 80
620699 80
620810 80
620856 80
620975 80
621100 80
621129 80
621203 80
622086 80
622087 80
622272 80
622568 80
622603 80
622659 80
622747 80
623635 80
623855 80
624487 80
624563 80
624952 80
624954 80
625000 80
625086 80
625151 80
625262 80
627171 80
627541 80
627630 80
628352 80
628480 80
628984 80
629144 80
629369 80
629606 80
629765 80
629795 80
630001 80
630022 80
630029 80
630052 80
630055 80
630076 80
630084 80
630103 80
630119 80
630140 80
630143 80
630159 80
630168 80
630176 80
630207 80
630212 80
630371 80
630418 80
630421 80
630429 80
630780 80
631233 80
632435 80
632573 80
634305 80
634316 80
634318 80
634442 80
634503 80
634505 80
634736 80
634740 80
634749 80
634768 80
634876 80
634888 80
634994 80
635495 80
635509 80
637453 80
640002 80
641322 80
641487 80
645202 80
648586 80
649747 80
649995 80
650084 80
650162 80
650522 80
650783 80
654782 80
656666 80
656903 80
657502 80
658363 80
659362 80
668043 80
669002 80
669453 80
672169 80
676482 80
678042 80
678483 80
680007 80
680743 80
680822 80
688962 80
689643 80
690822 80
694862 80
698963 80
699922 80
701222 80
701602 80
702182 80
702622 80
703142 80
709682 80
711564 80
711592 80
711795 80
711850 80
711915 80
712493 80
712504 80
712651 80
712674 80
712781 80
712783 80
712849 80
713239 80
713765 80
713910 80
714185 80
714307 80
714463 80
715150 80
716844 80
716901 80
716905 80
716990 80
717113 80
717135 80
717340 80
717855 80
717856 80
718758 80
719009 80
720711 80
721016 80
725309 80
725502 80
501807 60
502128 60
502216 60
502225 60
502313 60
502395 60
502541 60
503519 60
503624 60
503656 60
503835 60
504550 60
504760 60
504802 60
504810 60
504842 60
504868 60
505530 60
505539 60
505542 60
505758 60
505888 60
505912 60
505931 60
506207 60
506349 60
506687 60
506755 60
506770 60
507194 60
507669 60
508300 60
508757 60
508925 60
508930 60
509058 60
509145 60
509619 60
510580 60
511637 60
511666 60
512817 60
512829 60
513020 60
513150 60
513450 60
513479 60
513638 60
513683 60
513689 60
513705 60
513807 60
513833 60
513915 60
513920 60
513929 60
514207 60
514459 60
514573 60
514744 60
514769 60
515329 60
515339 60
515518 60
515838 60
516019 60
516315 60
516591 60
517005 60
517209 60
517529 60
517712 60
517858 60
517974 60
517999 60
518042 60
518324 60
518385 60
518603 60
518665 60
518703 60
518759 60
519158 60
519174 60
519306 60
519673 60
519733 60
519753 60
519834 60
520153 60
520468 60
520749 60
520945 60
521283 60
521304 60
521322 60
521330 60
521467 60
521501 60
521523 60
521656 60
521824 60
521927 60
521953 60
522127 60
522193 60
522197 60
522239 60
522336 60
522361 60
522668 60
522824 60
522870 60
523023 60
523174 60
523216 60
523310 60
523325 60
523390 60
523394 60
523398 60
523566 60
523584 60
523848 60
523897 60
523927 60
523955 60
524070 60
524100 60
524355 60
524640 60
524840 60
524909 60
524918 60
524985 60
525095 60
525257 60
525276 60
525342 60
525356 60
525364 60
525397 60
525430 60
525534 60
525538 60
525558 60
525630 60
525639 60
525653 60
525738 60
525864 60
526088 60
526120 60
526296 60
526466 60
526537 60
526553 60
526554 60
526634 60
526701 60
526810 60
526847 60
526852 60
526954 60
526967 60
527042 60
527066 60
527252 60
527344 60
527352 60
527355 60
527374 60
527383 60
527393 60
527421 60
527490 60
527500 60
527613 60
527636 60
527681 60
527698 60
527705 60
527741 60
528220 60
528506 60
528988 60
529169 60
529266 60
529637 60
529653 60
530307 60
530343 60
531031 60
531091 60
532184 60
532502 60
532503 60
532566 60
532595 60
532678 60
533100 60
533732 60
533740 60
533969 60
534350 60
534403 60
534624 60
534875 60
535119 60
535358 60
535437 60
535444 60
535447 60
535564 60
535877 60
535885 60
535979 60
536062 60
536116 60
536119 60
536135 60
536364 60
536384 60
536575 60
536723 60
536858 60
536910 60
536956 60
537153 60
538413 60
538465 60
538522 60
538526 60
538950 60
539026 60
539054 60
539902 60
539936 60
540306 60
540341 60
540523 60
540537 60
540558 60
540659 60
540816 60
540857 60
540912 60
541859 60
542147 60
542188 60
542214 60
542620 60
542802 60
542864 60
542912 60
543009 60
543162 60
543230 60
543241 60
543743 60
544048 60
544394 60
544406 60
544550 60
544664 60
544845 60
544896 60
545140 60
545168 60
545249 60
545534 60
545712 60
545809 60
545921 60
546111 60
546147 60
546205 60
546277 60
546282 60
546756 60
551419 60
552353 60
553043 60
553132 60
553718 60
553723 60
553813 60
553860 60
554028 60
554050 60
554096 60
554506 60
555776 60
555796 60
556231 60
556389 60
556430 60
556661 60
557227 60
557400 60
557870 60
558258 60
558319 60
558700 60
558841 60
558878 60
558966 60
559472 60
559678 60
561047 60
561082 60
561119 60
561627 60
561632 60
561646 60
561656 60
561794 60
562034 60
562117 60
562390 60
563285 60
563498 60
564045 60
564092 60
565056 60
565368 60
565532 60
565887 60
566171 60
566959 60
569041 60
569721 60
570300 60
570472 60
570524 60
571161 60
571710 60
574089 60
575230 60
576340 60
576384 60
576680 60
578009 60
578033 60
578720 60
578927 60
579925 60
580150 60
580452 60
580823 60
582742 60
583260 60
583989 60
584160 60
584170 60
584348 60
584764 60
585288 60
585589 60
585910 60
586283 60
587482 60
587501 60
587561 60
587563 60
587790 60
589105 60
591414 60
591866 60
592037 60
592173 60
592193 60
592195 60
592277 60
592413 60
592817 60
593661 60
593668 60
594052 60
594279 60
594289 60
594606 60
595043 60
595083 60
595184 60
595298 60
595483 60
595507 60
596283 60
597416 60
597548 60
597642 60
599591 60
600862 60
602088 60
604620 60
605322 60
605376 60
606094 60
607389 60
608212 60
608228 60
608239 60
608447 60
608616 60
609091 60
609445 60
609563 60
609619 60
609866 60
610122 60
610128 60
612446 60
613393 60
613421 60
613445 60
613620 60
614085 60
614127 60
614524 60
614561 60
614651 60
614688 60
614936 60
614951 60
614997 60
615061 60
615136 60
615181 60
615190 60
615243 60
615263 60
615418 60
615441 60
615464 60
615975 60
615977 60
616161 60
617102 60
617255 60
617930 60
617936 60
618010 60
618296 60
618683 60
620519 60
620525 60
621505 60
622672 60
623844 60
624262 60
624608 60
624824 60
625074 60
625656 60
628958 60
629224 60
629228 60
629620 60
629762 60
629945 60
629958 60
629965 60
630017 60
630044 60
630082 60
630129 60
630174 60
630195 60
630440 60
631170 60
631230 60
632241 60
632353 60
632391 60
632976 60
633458 60
634306 60
634562 60
637280 60
638078 60
638223 60
648423 60
649020 60
649098 60
650264 60
650423 60
653444 60
655103 60
659882 60
660502 60
669622 60
669744 60
673303 60
680244 60
689142 60
690762 60
700442 60
711634 60
711669 60
711803 60
711849 60
711878 60
712311 60
712559 60
712773 60
713312 60
713406 60
713817 60
714037 60
714514 60
714632 60
716543 60
716982 60
717525 60
717628 60
717674 60
717812 60
718256 60
718696 60
719067 60
719479 60
720060 60
720776 60
720794 60
